3.417060071 2.214827206 -13.991485171 -0.105840692 -0.484936911 0.599743027 -0.627648183
8.832259280 0.220191477 -6.494522295 -0.358805949 -0.497777677 -0.736352110 0.285063581
8.572285670 -6.078178752 -3.190841205 -0.274174009 -0.810486598 -0.467085458 0.223094737
6.110022118 6.749341409 -1.080221376 -0.525762235 0.041557584 -0.845489079 -0.083637653
-1.653289773 2.925890229 -5.055932712 -0.784522688 0.186614122 0.553103631 -0.209226420
5.555467333 -5.169339673 -13.582864819 -0.302466905 0.610810364 -0.555807916 0.475922296
4.105929860 -0.033086914 -7.372266818 -0.373520573 0.208313183 -0.428766625 -0.795768296
5.285992766 3.115975066 -15.992733651 0.719860526 -0.451506855 0.332746256 -0.408928249
8.589986789 -4.331701700 -4.387367575 -0.884285660 -0.155960722 -0.086700689 -0.431506796
5.621028974 2.286979537 0.613171283 -0.235809453 0.215334879 -0.938641307 0.130296927
6.103399763 1.398183023 -11.422348431 0.889813079 -0.311562613 0.020139766 0.332799960
2.391403512 -1.607392609 1.311340641 -0.869407148 0.022254922 0.434764128 0.233700840
-0.483267059 3.062574219 -6.190728426 0.742795013 0.334868783 0.215401299 -0.538257139
6.852579428 0.771034787 -9.010692256 0.397215932 0.449457984 -0.773311905 0.205415973
0.142771727 6.027459058 -5.569169868 0.286303063 -0.735587259 -0.147552230 0.595961643
2.356278874 1.468708517 1.463508064 0.105666062 -0.420231451 -0.490731721 -0.755924989
5.885123943 -4.349600466 -5.354151331 -0.356668245 -0.006537492 0.301238881 0.884307730
2.888159105 6.819669693 -1.005866575 0.147393091 -0.623433551 -0.336685197 0.690107936
1.061812312 -2.832381395 -2.802855183 -0.125965963 -0.425589257 0.188167032 0.876127575
1.170657974 -3.477682607 -6.160137882 0.338396927 -0.938672708 -0.064540495 -0.014683068
-0.102267309 1.247703860 -10.950892024 0.190684711 -0.616345024 -0.570796232 -0.507887600
5.797676478 0.468528502 -12.812618995 -0.022580679 0.548497357 -0.572568431 -0.608938547
7.889690618 5.424755237 -10.110483869 0.335472389 0.188641060 0.589781245 0.709951343
-1.217914748 -5.633756273 -8.794330410 -0.274672066 -0.860591014 -0.065255518 0.423886872
5.541580077 -1.083314426 1.173934924 -0.666869085 0.699630827 0.251556162 -0.050217791
5.167470670 2.287678259 -17.040425844 0.487144146 -0.850007357 -0.200171162 -0.010467988
4.931411243 2.899619870 -15.939072933 0.340773620 -0.894831511 -0.164815933 -0.236612796
9.661357907 3.526436783 -7.933567848 -0.815747056 0.352231837 -0.202390142 -0.411737422
6.988849484 -2.224861501 -12.898692895 0.935643666 0.136372683 -0.323997366 0.031609009
-0.325594905 2.736513181 0.869739901 0.604470978 0.745358464 -0.270891466 0.075322051
8.069605142 2.880070359 -11.066139500 -0.309700073 0.927261324 0.088369934 -0.190953020
4.229241764 1.004638433 -7.444975017 0.338187626 0.727744169 0.442385581 0.400390499
7.490835507 -4.242977852 -6.708745991 -0.425133753 0.136671130 -0.088144426 0.890400390
5.625121047 -1.497434596 -0.440421971 0.761568620 0.366026692 -0.534085652 -0.028110747
-2.483834597 0.628611717 -14.677848140 -0.631930277 -0.059029876 0.076082023 0.769019587
1.034826651 6.040830235 -8.054613822 0.106062422 -0.124806446 0.161081323 -0.973255835
3.066274576 2.700555833 -16.980478471 -0.075031387 0.736845148 -0.661906530 -0.115365790
10.175127569 -3.551975489 -10.606354896 -0.008117895 -0.596545223 0.029897032 0.801981337
-2.852340255 -5.228816700 -3.568082727 0.591674353 0.222211070 0.501485110 0.590809940
0.432110021 8.645557819 -3.089926373 -0.394438042 -0.843189660 0.324371313 0.168027020
6.923887040 -5.808302321 -7.546368545 0.512477944 -0.685873924 -0.318831680 0.406558332
8.841269394 -7.089929202 -10.068372399 0.525598554 0.797079918 -0.282221694 -0.093598500
-5.932968566 1.207604611 -5.776997046 0.035584649 0.257849916 -0.860317250 -0.438293718
-1.292414075 -6.343413574 -5.170739414 0.039016874 0.162052644 0.776569479 -0.607582478
2.662512759 4.849108391 -15.572522286 -0.322703146 -0.646395040 0.689615617 -0.049663187
1.962308715 -0.887793563 -2.043783022 -0.259194958 -0.456451914 -0.244076827 -0.815411630
11.351194837 0.035052375 -12.729876361 0.655955460 -0.166220403 0.374823487 0.633719628
-3.433803243 -3.445192027 -6.559965726 0.795044541 0.411959008 0.067424401 0.440054433
2.633704450 1.614676011 -6.047684946 -0.363989084 -0.395945738 0.203901013 -0.818024020
1.846377488 -7.883700353 -4.871692094 -0.006483566 0.390178363 -0.880550338 -0.268979386
8.376581413 3.443967646 -2.933154354 -0.752923369 0.303390587 -0.085317408 -0.577738255
-3.793715060 1.493145124 -3.758234773 -0.381673351 0.229685224 0.748464692 0.491294978
-2.719975566 6.238476780 -2.897510469 0.828433219 -0.511888157 0.134702602 -0.183095946
1.300782391 0.584163873 -3.817516223 -0.162784504 -0.713734815 -0.564556656 0.381260542
6.436031987 3.537205202 -15.954987378 0.627443872 -0.145913533 -0.273033227 -0.714476232
9.939218223 2.108241893 -11.068406801 -0.294476874 0.627699262 -0.205756099 -0.690609466
6.158525279 0.183918023 -9.190454023 0.665459020 -0.178437031 -0.641949573 0.336489620
7.773666980 -6.245368428 -9.088280524 -0.406278059 -0.670745005 -0.408516506 0.467069097
1.592921622 2.398290556 -0.841082863 0.245715605 -0.201501533 0.785804776 -0.530595729
-2.143750848 -4.462580901 -14.058075198 0.634781489 0.481571171 -0.534468860 -0.281930321
-2.344229089 4.338957085 -4.737125829 0.163250566 0.904812604 0.365858055 0.144261178
6.687102753 -2.529144058 0.602579117 -0.564142594 0.337431968 0.216998586 0.721660872
-0.730615373 -5.995574356 -3.168739820 0.881457887 0.065748626 -0.224838503 0.410069213
3.756965107 9.898199526 -9.194762715 0.248339398 -0.027900355 -0.920891128 0.299179953
1.227111646 -9.291437975 -9.223290641 0.066761370 0.322471326 0.664677307 0.670640917
9.330209870 -0.309269564 -3.170820758 -0.709795588 -0.305420892 0.209898862 -0.599041542
-2.744908470 -6.998639053 -11.020360477 -0.317119355 -0.447961423 0.244201685 -0.799456950
6.140406197 -5.026310219 -6.826653050 0.601568199 -0.569831573 -0.289818397 0.478970748
6.520644452 0.164382776 -10.138222776 0.542939101 -0.701802383 -0.202933374 -0.414135961
8.339759628 -4.963269456 -10.584047176 -0.161841991 -0.044850252 -0.901914497 0.397926958
4.756037513 -2.347889789 1.185713156 -0.819302814 -0.487753255 0.132542129 -0.270688467
-0.311262803 -4.170070498 -8.529850673 0.042696533 0.065986046 -0.379917808 -0.921675272
5.953672857 -0.640055951 -13.693697892 0.354909844 -0.148547057 -0.664749384 0.640375695
-4.700381900 -2.591497196 -8.124116039 0.012805545 -0.705664316 -0.465735834 -0.533820216
3.454562236 4.361459649 -6.387525483 -0.638429393 -0.113814152 0.450483505 -0.613611326
1.803451164 -4.783928726 -14.131628356 0.135038253 0.915424021 0.375151350 -0.054999971
8.854372414 7.656302064 -4.974190539 -0.439988516 -0.613696495 0.655172153 0.023155298
6.930955665 4.672614649 -8.661307013 0.071090906 -0.848123940 -0.366060980 -0.376339242
-0.180665281 -7.451166973 -8.996786757 -0.324105655 -0.847885250 0.305885937 -0.287193178
1.331052448 8.903522230 -11.291923651 -0.258670001 -0.071120840 -0.475710652 0.837693877
6.770939695 1.985386476 -1.855701346 -0.280631193 0.532031380 0.508421932 0.616194680
10.546787308 -5.802947066 -7.175979609 -0.099514740 0.522401349 0.096570915 0.841348742
6.490018227 2.039877892 -0.247045531 0.271159259 -0.587983912 0.480828710 0.591228659
-1.220544219 4.892859757 -7.747123542 0.410745523 0.038511919 0.076363023 0.907729936
0.279777600 1.201237423 -16.539342543 0.147771963 0.708249598 0.198423678 -0.661191347
4.374222972 10.019666714 -8.080600237 -0.334047353 -0.434018638 -0.773415510 0.319168664
-3.156042313 -1.159148816 -6.127730286 0.114390957 0.616862867 -0.700783815 0.339554057
4.172852985 7.268786862 -11.465118867 -0.428882974 -0.467210368 0.743096751 0.213497270
3.121881402 -3.290844122 -9.599516787 -0.539970983 -0.521365740 -0.342804738 -0.564884072
-3.470892145 -4.014024111 -3.143938644 0.486470262 0.634432250 0.594887817 0.083371995
1.478825425 7.594244840 -10.692176457 0.259232095 -0.256393445 0.928997062 0.063447471
-1.569324420 3.574689196 -5.265141040 -0.882077711 -0.104451270 -0.443222398 0.120759060
10.724552216 -4.678287778 -4.657738308 -0.412312548 0.535964852 0.121526609 -0.726616352
-1.341912733 1.758332973 -5.870923604 -0.258784540 0.368329365 -0.508553905 -0.733987035
-0.703182443 -2.740819443 -5.674107161 -0.521078565 0.255126508 0.083998395 0.810143113
3.340370635 9.381099876 -4.510475134 0.821326784 0.296068240 0.481839959 0.074807516
6.450895064 -0.394431552 -10.009042646 -0.419452227 -0.655899687 0.005239969 -0.627557147
-0.424567571 3.686733945 -2.013637038 -0.363950991 0.133842212 -0.799721654 0.458335263
0.244245863 -7.171414815 -3.243505021 -0.210653818 0.197871526 -0.806073051 0.516447543
4.669016760 3.222490553 -10.505973880 0.348197274 -0.469602645 0.810628939 0.033357721
7.340337070 8.615450811 -7.221679320 0.190822309 -0.482697772 0.441148444 0.732105019
-4.937288574 3.106595025 -8.691461008 0.596724039 0.490787748 0.565487128 0.288569082
6.591888845 -8.509883747 -6.585410193 -0.548537123 0.142876430 0.809495988 0.153001946
9.211463064 0.704714925 -3.359440151 -0.230175368 0.655691178 -0.456235066 0.555821863
0.384082692 -0.880618031 -11.534032043 -0.839512158 0.497136037 -0.005795462 0.219183734
2.349574963 -3.443082106 -10.120488118 -0.285993190 -0.602840129 0.363533785 0.650103732
3.896323463 2.046379381 -9.296728020 0.210848943 -0.690756085 0.174712048 -0.669234230
2.262564359 -4.847478088 -15.117123897 -0.741114546 0.182896616 0.485143146 -0.426537437
7.331902886 2.264310574 -4.352647975 -0.656159971 -0.036141800 -0.173239581 0.733577474
2.973668107 4.819290826 -16.366029027 -0.882735045 -0.373159515 0.115238742 0.261248633
2.905744995 3.122038349 -13.551539862 0.283450497 -0.381795882 -0.536257426 -0.697363387
-4.078910289 1.308094222 -9.383461332 -0.096646767 -0.868423060 0.486256407 0.007449670
0.870373153 -4.052104682 -10.014046323 -0.322686362 -0.770325253 0.275877545 -0.475777361
5.359291711 -0.991164231 -2.535731351 -0.279230731 -0.944365986 0.060665200 0.162858271
-1.381025117 -0.943801849 -12.015140133 -0.711902858 -0.476316702 -0.432386568 0.281706542
3.832855597 0.212269751 -0.487800720 0.242717439 0.643425185 -0.568863348 0.451095077
3.119392769 -3.669884624 0.284631975 0.334651518 -0.889778184 -0.161734689 0.264849079
3.477097558 -2.013172685 -15.361138924 -0.334157073 -0.064198251 -0.903636041 0.260114475
1.901571996 4.945279150 -10.239423772 -0.550407073 0.101491676 0.812391125 0.163621986
5.599046984 5.274064373 -1.810138707 0.027149969 -0.184551647 -0.885609108 0.425323495
5.969445882 -0.280955440 -14.645431668 -0.585725995 -0.779394675 0.051751880 0.216311679
2.373003189 8.458451494 -7.763794714 0.353537659 0.015542513 -0.008078698 0.935256269
1.610964405 2.709788984 -3.377410050 -0.519074742 -0.381307776 -0.592081708 -0.484360447
2.068949830 7.178966570 -5.780438049 -0.451459456 0.481830830 0.062939110 0.748372955
-0.522589785 -6.446054659 -4.569919351 -0.617723605 0.312843428 -0.711201437 -0.121404504
-0.178383350 4.820959799 -5.234459002 -0.125935281 -0.134519777 0.978711979 0.090374754
9.199245239 2.369942163 -12.375013846 0.023558265 0.668250188 -0.692060724 0.271916621
6.744294624 -1.928100221 -12.155194237 -0.513730674 0.547042048 0.644996683 0.144239634
-5.685418489 -1.214745173 -11.480184980 -0.861483228 -0.141029254 -0.169506876 0.457410993
9.515008553 5.783450164 -6.994059698 0.592943382 -0.240862255 -0.727325097 -0.247793710
7.510808733 -0.291579293 -5.126158511 0.592966448 -0.156964574 0.359240069 -0.703348766
7.149228580 1.053459526 -6.452536020 -0.361078151 0.904092858 0.224208408 -0.044376376
-3.411557677 4.957935670 -2.550578041 -0.454466856 -0.245999333 -0.813262076 -0.267486448
-3.481207346 4.442853737 -12.487485939 -0.093677992 -0.634391177 -0.765728165 -0.049321857
0.909742012 0.259477816 -12.224654047 -0.694925572 0.718619388 0.003408555 0.025553982
0.733526985 9.341539842 -4.628719965 -0.441855422 -0.079534333 -0.431888740 -0.782246887
6.624455258 8.958059274 -7.807550253 -0.594053681 0.229199629 0.699578586 -0.324280058
-0.803904856 -3.512927796 -5.016665399 0.362963851 -0.684215609 0.097053667 -0.625049462
3.339808767 0.449379627 -1.442127429 0.861756051 0.210618492 -0.244634891 -0.391369556
2.099410627 -8.236289304 -11.671541318 -0.419016825 -0.504493222 -0.001580022 -0.754923170
2.357644005 -6.079403707 -12.713878854 0.369678194 0.870745838 -0.265438936 0.186230745
6.836220717 0.185314005 -6.293116850 -0.676110293 0.374564754 -0.524098952 0.357626068
4.548164297 0.278070068 -9.848326506 0.677803364 0.026347570 -0.726863132 0.107509964
-5.252883901 -3.647638654 -10.417339632 0.593810115 -0.367480712 -0.367858661 0.614025634
-1.775225972 4.093504526 -6.996671087 0.540358118 -0.832390849 0.096749104 -0.076014406
-2.284132343 2.796149259 -4.595052550 -0.678925786 -0.076413922 0.643600201 -0.344962999
-1.622854121 1.948359159 -0.050730416 0.152151936 0.982164501 -0.083306987 -0.072543972
11.116694309 2.560754355 -4.458032653 0.690000585 0.407467443 0.574025052 0.168418273
5.998249718 2.822232480 -16.255309381 -0.833510996 0.476458611 -0.139173188 0.242646728
5.967677279 -2.524246341 -7.794985383 -0.059838508 0.133781198 0.856529713 -0.494852296
2.594280157 -8.313551781 -3.470706743 -0.423057601 -0.263106887 -0.856404614 -0.135529217
1.833300273 7.439840927 -5.317707553 -0.043618958 0.755800658 -0.601620808 -0.254784528
-1.444782467 -2.241926613 -10.747187280 -0.021216483 0.853187307 0.000761262 -0.521172429
10.495958226 2.486162198 -4.643132817 0.789434440 0.240452473 0.157729140 0.542307469
0.195355987 6.243930078 -0.557181524 -0.332850106 -0.107680107 0.928968143 -0.120971031
-4.142486231 -0.688321046 -12.775579598 0.661470710 -0.336296783 0.630637412 -0.227282704
5.490599505 -1.858932479 -2.060268537 -0.671218343 0.498520756 0.499506017 0.226796672
-2.702078697 4.216603959 -11.713106015 -0.014503258 0.075390119 0.370061428 -0.925829642
2.893296971 -3.707419564 0.414352909 0.020998549 0.225067626 0.942511724 0.246120446
8.504189245 -0.846903013 -6.071352784 -0.671307901 -0.322782932 -0.642476085 0.179948220
0.269754318 0.811516015 -0.107324400 -0.380034169 -0.111272075 -0.610406803 -0.686000066
-4.577285468 -3.668940846 -7.448548956 -0.811219533 0.368320473 0.225322022 0.394325862
4.232653841 6.955240707 -6.173350145 0.235301205 0.027977319 0.969098772 0.068543288
-4.541287104 3.096962307 -10.950036880 0.729728722 0.095978552 0.511616654 0.443319871
5.341510121 -4.236201441 -11.953653352 0.195907463 -0.872411575 0.269335841 0.357738053
-6.680012795 -1.263204000 -5.410366503 0.612400810 -0.715520042 -0.029298050 0.334870038
5.118750125 2.225180636 -7.596637375 -0.516417185 -0.578528775 0.625603109 0.085079356
2.054204833 2.860143784 -6.679309205 0.242443537 0.744322269 0.550014321 0.291015011
1.144707899 -2.070174576 -14.024450262 -0.155515611 -0.547268078 0.721463647 -0.394718573
4.991148826 2.212071217 -15.088294423 0.460067198 -0.463928331 0.451356612 -0.607771244
9.149185938 -3.456103620 -7.786293874 -0.488060232 0.385564611 0.719120771 -0.309842633
0.236773504 3.534211222 -6.567330584 -0.367645070 0.531742502 -0.053420885 0.761073730
8.117496752 -4.738186349 -6.709245769 0.380502307 0.684955557 0.577513429 -0.229198865
2.019796947 -4.743255101 -11.821491940 0.285713607 -0.334413261 -0.785013266 -0.436222052
-2.561009959 -4.464544240 -13.388536269 0.919493451 -0.087729057 -0.032621722 0.381799986
7.589271864 3.382783172 -8.054500799 0.001779959 -0.321552617 0.231850610 0.918066469
0.539811178 0.842125200 0.248879310 -0.086322545 -0.192586321 -0.124633374 0.969497524
1.623412189 -6.259616762 -9.763044610 0.893936316 0.013651370 -0.210575984 -0.395410240
1.182798393 7.358593520 -13.466447817 0.684060747 0.286049189 -0.383080673 -0.550895592
0.675132336 0.198511159 -11.521397611 -0.405950909 0.847658959 -0.340129982 0.031460192
-4.489444325 3.452892774 -10.746364005 -0.169005412 -0.832701087 -0.280721572 0.446364727
5.964036176 -6.240523434 -1.097951710 0.745968587 -0.408892114 -0.483925829 0.205314148
-5.597128913 2.801709470 -4.731910398 -0.418557386 -0.214920971 -0.281090740 0.836424944
2.931910808 2.095980275 -7.159731841 0.443938054 0.637748694 -0.093445656 0.622465676
3.383090734 2.433656133 1.945005295 -0.094231542 0.081340992 -0.239831533 -0.962800548
8.824981236 -2.439185814 -8.628987953 0.564633140 0.541183995 0.512142939 0.354991424
1.368708870 -2.104034735 1.371718956 0.467443040 0.189153838 0.446986113 -0.738864835
-4.297095184 -2.220029294 -2.321700952 0.672013451 -0.496167813 0.412092086 -0.363861973
-3.762522069 2.074033848 -1.966709605 0.859711121 -0.280239831 -0.014191990 0.426803249
10.567305085 0.396883099 -6.843885546 -0.333921527 -0.247100708 -0.862305466 0.289597889
1.769042883 -3.045368983 -11.482675118 -0.159978645 0.039674782 -0.986232927 -0.013317610
-2.835736198 4.478345061 -12.968703175 0.366979756 -0.118387354 0.560807655 0.732669822
10.444827837 4.318350498 -5.989457477 0.451499258 0.066975205 -0.783557970 -0.421544362
-1.494371452 2.076755909 -6.357746597 -0.083465933 0.645368631 0.680280772 -0.337269685
-1.726770007 -3.960526774 -14.135049896 0.152169604 -0.461123824 -0.595008905 0.640447995
-5.976316993 -0.119241349 -6.318814113 0.984244213 0.053418606 -0.168310466 0.009020491
2.776224105 8.621585037 -6.493904401 -0.062709592 0.921817181 -0.305792259 0.229807933
4.883787203 2.800554226 -12.088303952 -0.544190369 0.781453112 0.231830522 0.198601323
4.495266847 -1.989104039 -3.167092224 0.537124128 -0.695665197 0.461351637 0.121252921
2.828555930 -1.925309964 -15.768223080 0.238307201 -0.842246643 -0.237435036 -0.421253930
-3.190086780 -0.815738497 -1.673593257 -0.877490341 -0.342902231 0.115921672 0.314628237
4.735628972 -5.771839940 -7.670695662 -0.473630718 -0.133752115 -0.033054288 0.869880295
-0.481204730 -6.294155824 -5.843768124 0.198812712 0.703597421 -0.681408316 0.033269824
5.823347856 -0.388675975 -4.059558728 -0.297507998 -0.326776753 -0.250874774 0.861259422
3.128219785 1.680400770 -15.124781311 0.204328740 -0.893939397 0.314086818 0.245909723
3.993246009 -5.805166534 -7.716879743 -0.476217971 0.598752605 -0.183334256 -0.617333227
6.761272763 -1.391787608 0.531948715 -0.325099835 -0.361996383 -0.097894612 0.868150541
8.322008366 -4.642809478 -11.381176004 0.340413021 -0.658397181 -0.030354350 -0.670604757
5.199364583 -0.717322879 -1.365031731 -0.238742179 0.373641442 0.806054583 -0.392007978
8.855349182 -5.730751970 -5.630492202 0.119817702 0.125670651 -0.973685970 -0.147601617
8.910001702 4.121539444 -4.095554525 -0.222962556 -0.308780110 0.441589110 0.812367897
-1.257940126 4.820635935 -9.353003307 0.113848041 -0.100019581 -0.903788765 0.400250639
8.087739766 5.073575794 -2.972882928 -0.718586638 0.135828349 -0.504929211 0.458508882
1.664453069 9.603288870 -4.645702732 -0.090089792 -0.768756751 0.620024630 -0.128321262
-1.818647221 3.536192152 -10.490521081 -0.412823988 -0.645838709 0.622273301 -0.158885671
-1.609624031 7.104764842 -10.635172219 -0.307957172 0.769153984 -0.556264114 -0.064302142
7.978769843 3.267787317 -6.890345586 0.200952918 -0.078955652 -0.971723837 -0.095586165
-3.075363212 3.869748311 -9.882489129 -0.979067628 0.080505819 0.043303428 -0.181852154
1.872712071 9.610261257 -8.958968630 0.002714680 -0.970372441 -0.240039907 0.027400704
2.554569459 5.322802745 -10.801263642 0.768161112 -0.182542504 -0.393768495 0.470694287
-0.012855748 2.546404464 -9.817137733 0.924374778 -0.021830233 -0.166678305 0.342451535
2.879902912 4.132545636 -8.147047233 0.314857760 0.193425879 0.869810884 -0.326925139
7.187731550 -2.120614740 -8.694335638 -0.060813829 -0.610900259 -0.437172298 0.657254085
4.261472213 -0.596055505 -15.432757119 -0.866674371 0.349324628 -0.302483475 -0.188020172
2.617113890 5.075250744 -9.985938560 -0.324439785 0.374556104 -0.529210353 0.688754639
5.074418689 -7.361599157 -4.785856182 -0.507015062 -0.560289101 0.654975729 -0.004317821
8.529570671 3.177998931 -14.678060131 -0.596040494 -0.201796457 0.676231971 0.383046004
1.929804497 4.199317909 -2.729772816 -0.798655430 0.123801464 -0.349893965 -0.473705515
7.063933153 5.587214302 -5.034290097 -0.319353735 -0.513097911 0.302769731 -0.736935693
2.507593581 -1.893934908 -1.141761256 -0.547565740 -0.469834687 -0.594517609 -0.354930893
4.192832442 -3.501041201 -3.368854032 0.680586952 0.092436028 -0.705614428 -0.174256306
2.854069699 -2.549653891 -14.610600822 -0.571370138 0.642338584 -0.503105663 -0.088442076
4.136299101 -3.559984030 -15.646500823 0.387553681 0.095402882 0.912728518 0.087333196
3.174687537 -8.392030543 -6.443943250 0.131655389 -0.524344772 0.627521257 0.560309281
2.810823037 -3.782152904 -3.287662728 0.554569780 -0.791947435 -0.165131566 0.194944057
-0.619969799 6.525328942 -13.397769706 0.819433740 -0.480625224 0.097590630 0.296654358
8.229341540 -3.351342201 -3.129153704 -0.098823307 0.673655853 -0.080395906 0.727982310
4.873984343 7.775745292 -5.834803847 -0.089129906 -0.915112516 0.269512847 -0.286335064
6.712498124 7.718968370 -13.073443132 0.630590383 -0.043499412 -0.760629435 -0.148008219
7.866263687 1.927304552 -7.926250685 -0.380576110 0.581617129 -0.563246580 -0.446807150
4.955496490 -6.031975551 -11.875143199 -0.441426712 0.108776001 0.782633819 -0.425199419
5.010471258 -3.915028208 -6.537609938 0.273857820 -0.303117053 0.678480144 -0.610562561
10.286518633 -1.671616552 -4.635612245 0.839670578 0.017639552 -0.472831120 -0.266595008
10.771141981 -0.325864886 -9.175974112 0.898352660 -0.094480698 0.239942470 0.355617080
4.814133472 10.009727243 -6.088059615 0.782895037 0.167334788 0.271670665 0.534106243
-1.565637938 5.153183388 -2.454637117 -0.242528839 0.497516406 -0.143887279 0.820337516
6.164476523 1.555324614 -4.395501328 0.587273588 -0.707312704 0.325589517 0.220929712
-2.844285798 -6.091132849 -9.013697671 0.683305759 -0.307172949 0.651913679 -0.117245786
7.372764315 -1.844981999 -9.552967884 0.069170868 -0.305497765 -0.168335861 0.934638724
-0.757140509 3.837234308 -12.547519105 0.201263677 -0.370984803 0.451539876 -0.786113827
-1.638445337 3.765780248 -11.948556195 -0.335741978 0.215898005 0.840052929 0.367391414
4.237207997 6.833917718 -10.686169745 0.464284930 -0.117254154 0.611333701 -0.630049263
10.576921435 5.248271622 -11.264152915 -0.381719591 -0.879778778 -0.126831626 0.253363757
10.720481056 5.647970349 -5.893126698 0.070993526 0.075187844 0.289946568 -0.951439801
3.461887743 -6.639787709 -3.812185275 -0.330906898 0.192656292 0.639036720 0.667095382
2.995656321 0.608125256 1.416037222 -0.379854140 -0.917084302 -0.049664437 0.110456588
-0.099153751 -0.953745949 -2.322203474 0.064846480 -0.128386821 -0.983555478 0.109226283
-0.851249719 -3.799587508 -7.972083299 -0.172415150 0.542339439 -0.483106200 0.665394130
3.607538689 0.573106232 -8.803781793 -0.634898062 -0.468065911 0.003313028 -0.614660701
6.456285987 4.201698384 -14.387715919 -0.655110369 -0.065450623 -0.276411858 -0.700102210
5.707052685 4.541007682 -14.246871439 0.683660423 0.544172908 -0.359783948 0.327169349
1.347056274 -5.025527603 -6.839276884 -0.355983723 -0.860594802 -0.360041239 0.054977109
3.689177441 -1.902459067 -0.113855348 -0.368125062 0.683844418 0.578182940 0.250090460
6.444188627 -0.280185735 -1.127171622 -0.723950626 0.209414047 0.278128636 -0.595554960
-1.242086303 3.720060216 -2.986039374 0.197646035 0.672720977 0.393336681 -0.594700586
-0.563673318 1.722327743 -12.057180844 -0.703808515 0.412628831 -0.577680961 -0.025994803
-1.075852914 1.780011816 -1.319556849 0.314968430 -0.678849224 -0.390882674 0.535881848
9.255344306 2.554106922 -6.251999058 -0.537381796 0.598986058 0.160000646 -0.571695987
1.478021749 -3.083952828 -11.979787791 -0.697988233 0.484933620 -0.273445411 0.450421378
-6.751943576 0.297326498 -6.746800741 0.046163700 0.379917623 -0.764696277 0.518431400
5.896056477 4.847527820 -10.860429182 0.510566265 -0.422007624 -0.712258813 -0.232204730
7.824636857 -7.940696913 -5.820090257 -0.676859856 0.517512575 -0.519415962 -0.065180741
5.411735021 -3.668161929 -10.487473949 0.004813563 -0.217716683 0.888704067 -0.403461717
-2.243328044 -8.049381782 -6.931069648 -0.009668403 0.891086020 0.376219231 0.253636191
8.608000903 -2.752595709 -13.234103236 0.003757943 -0.835383962 0.246358286 -0.491352326
1.063552589 -7.018221105 -3.835229339 -0.001905569 -0.889573271 -0.170406533 -0.423812905
-1.204454180 1.850128805 -10.284811925 -0.778714514 -0.266855839 -0.272399336 0.498186981
3.908446972 8.659747152 -5.567385530 -0.500952338 -0.172804526 -0.057441146 0.846100388
5.632293461 -2.425561793 -15.473088087 -0.432911079 0.599036051 -0.395874583 -0.545001947
3.435622673 -5.285532315 -4.704587616 0.493295412 -0.225937980 0.359320031 0.759276485
-4.077545986 -5.446240569 -5.119300933 0.339485434 -0.513068470 0.484568555 -0.621855048
-0.508138843 -6.875815699 -3.715358047 0.619128573 0.658183936 -0.311532828 -0.293974512
-6.462534696 3.364873800 -5.728301977 -0.043400138 0.435588336 0.598198711 0.671220926
9.846042019 2.061436711 -5.141135315 0.918030643 0.186512302 0.103829647 -0.334144138
0.549450786 4.961408389 -13.752647590 -0.811182028 0.263126266 0.278007001 0.442109028
1.672372362 -8.034655069 -8.477665163 0.327377492 0.068846144 0.910915312 0.241490125
5.559941638 4.182819042 -8.333944454 0.164176978 -0.221032037 -0.547649237 0.790108266
2.594407714 5.277030796 -2.587278034 0.082300611 -0.903737122 -0.385860027 0.166126047
4.179465350 5.186014828 -9.329300524 0.620672727 0.144105985 -0.586498016 -0.500018909
1.061761407 -7.216208167 -7.985965239 -0.647903933 0.337191738 0.681334144 0.048020933
8.650187276 -4.528915111 -1.174458862 -0.158904617 -0.143387348 -0.862304802 0.458933350
4.497548748 -8.379020742 -3.466055333 -0.812243890 0.002157367 -0.411571116 0.413357503
3.604266051 2.929106508 -10.758062679 -0.646409285 0.048643774 0.000575920 0.761438434
2.038969043 -5.698799040 -4.854511511 0.506517626 -0.407579670 0.740100705 -0.171958290
9.885262585 -4.458594460 -10.958362053 0.099377535 0.931664031 -0.239061692 -0.254903408
6.726614814 4.083006569 -14.751590746 -0.654951727 -0.386095335 0.300938096 0.575677765
5.437175868 -4.620858625 -15.416171327 0.757564234 0.515680555 -0.399541835 -0.023158559
-0.459184691 1.740922976 -11.010859188 0.283482004 -0.264616638 0.917896784 -0.084151540
1.526911592 0.003596980 -11.288212344 0.246772122 0.945177827 -0.104234373 0.186755429
-2.527183973 2.422610273 -4.574695594 0.508027152 -0.847517484 0.153587699 -0.005774662
-1.319709392 9.289180490 -7.116027709 -0.013087214 0.768017548 0.617074503 0.170870794
9.186555634 -2.361577215 -13.319841482 0.428082333 -0.215391832 -0.536520413 -0.694620559
4.308165768 7.660293677 -2.950587562 -0.949703585 -0.166723950 0.250588861 -0.086437544
-4.480756293 0.191097132 -8.069033505 -0.377078658 0.012859772 0.907229606 -0.185959015
6.957786837 -6.125584470 -7.968515158 0.402231577 -0.663933436 0.540038692 0.325208183
-5.079285843 -0.335075861 -8.523892440 -0.360809368 0.339299908 0.693535941 0.523163522
-1.336483000 1.927340999 -11.258524242 -0.727150967 -0.163226645 0.462249327 -0.480556025
7.992155204 3.661808910 -10.570364952 -0.993438296 0.098918942 -0.021840707 -0.053088399
4.828756739 0.477804237 -0.880932550 0.110628153 -0.357582256 0.472356547 0.797982227
11.281908472 3.495307768 -8.821928942 -0.355069802 0.809230970 0.169827573 0.436152804
8.264614101 8.012031315 -8.633165907 -0.687621104 -0.519158325 -0.301271103 -0.408518756
9.966551642 7.216141528 -8.778827671 -0.189831225 -0.105125166 -0.901677128 -0.374020270
0.895310567 2.268377766 -13.335586533 0.865042167 -0.312832529 -0.158110502 -0.358941399
9.111613631 0.403990050 -14.560405545 -0.346044518 -0.226192100 -0.557839468 -0.719656482
2.035668434 -0.021327511 -1.407407612 -0.337975753 -0.223315308 0.913917220 0.025651112
1.713582156 6.174537455 -14.604770040 -0.776935730 0.371953095 0.092317290 0.499499034
10.299076255 -2.711215957 -10.698463232 -0.622601452 0.720386018 0.253133036 -0.171274876
10.560414594 5.453224978 -4.676464020 -0.675941838 -0.707705566 -0.008620497 -0.205380501
1.046935110 -1.127252622 -16.422489533 0.974888281 -0.003944587 0.126297760 -0.183374357
9.918710952 -3.916998238 -6.566812683 -0.381829827 0.226112170 -0.081323821 -0.892449274
6.861469166 -7.149198340 -3.484843976 0.640106808 0.455783722 -0.485059518 0.383720911
-6.360991622 2.087769499 -5.015892728 0.663986120 0.671446184 0.327646316 -0.030501576
2.625276162 -2.322724735 0.138978557 -0.770590019 0.163524728 -0.200943690 0.582299166
6.069418966 6.005774031 -0.723646951 -0.211627187 -0.265094032 -0.147614322 -0.929058179
7.388195107 4.509423864 -12.272618952 -0.862256959 -0.019318784 0.345847585 0.369498538
3.370512011 -7.864573056 -7.359884920 -0.914596587 -0.080009739 -0.376029086 0.125354105
-0.980786947 6.225199068 -14.658940485 -0.729368070 0.298670234 -0.360054736 0.499178223
-4.891599219 -4.233326760 -7.412728631 0.216029327 -0.393148975 -0.889084883 0.091067474
7.320964377 -0.813452320 -8.547397163 -0.392159434 0.652778462 -0.216245365 -0.611006711
-1.351021012 -4.005433927 -0.433283861 -0.415032436 0.760137739 -0.016339347 0.499671613
-5.312931211 2.984943027 -8.615425254 0.084792943 -0.207125087 -0.456553348 -0.861085591
-1.493072536 3.615721960 -14.855491712 0.075791177 0.779501125 -0.621052297 -0.030458799
4.387029582 -9.100567940 -6.748132372 0.069622824 -0.544161902 -0.694619393 -0.465343299
-1.365213050 7.359585552 -8.630562374 -0.638298298 0.650743500 0.052534735 0.407858164
3.060848116 -4.738602925 -15.031464665 -0.863850049 -0.021004182 -0.242495964 -0.441041522
4.676184536 7.032347146 -0.810027775 -0.296684268 0.761898517 -0.289712169 0.497549950
4.818723895 6.863768942 -0.325126059 0.447333532 0.089904844 0.695002462 0.555681031
-1.306488900 1.572188080 -4.466013887 0.820164103 -0.035189130 -0.424900975 0.381512426
-0.591541953 -3.941872778 -15.758511276 0.657389937 0.395536938 -0.305802059 0.563803247
9.291315902 -3.423458440 -3.907599386 -0.514266369 0.308248054 -0.619970749 0.506112150
8.531402268 0.905032616 -4.398630762 -0.000882520 -0.012928439 -0.830525185 0.556830309
2.677402205 2.458221969 -14.238456957 -0.502340335 -0.279140641 0.762213057 0.297936144
-0.059722294 6.181708622 -7.328426322 0.663260112 0.086122989 0.739148261 -0.079553144
7.689931954 -6.093123314 -12.329563901 0.257555433 0.938083152 0.080424131 0.217249068
1.354350788 -1.037228520 1.768629619 -0.120333254 0.123379462 0.712257577 -0.680431157
2.122521491 5.135598112 -3.971588136 -0.579506176 0.086509981 0.765185404 -0.266795638
9.081880344 -2.785635772 -14.384826669 -0.171962566 -0.128525954 0.369427562 -0.904120142
0.261451099 -2.264108193 -14.112131849 0.123707461 0.547271106 -0.524205496 -0.640624226
2.369115643 1.795136706 0.401662225 -0.393090494 -0.489063987 -0.727031954 0.278784536
7.852160587 -5.124036135 -4.814344803 -0.781671440 0.553949465 0.280681319 0.057859716
-0.957499264 5.797799313 -4.679570041 -0.771648584 -0.327693419 0.082538322 0.538853330
-1.003049598 4.398393960 -14.355979578 0.415761462 -0.346248683 0.804016160 -0.246601440
2.848161062 -4.516978309 -5.039919642 -0.866734565 -0.112888293 0.130889589 0.467862526
-3.248444434 2.044564998 -14.679530343 -0.561143048 0.398494685 0.024232287 0.725074660
9.975948729 1.895359228 -9.509372291 -0.241956389 -0.940103090 -0.100437789 -0.218118171
-6.126306272 3.430975069 -8.796565109 -0.117032300 -0.467674568 -0.800719489 0.355573115
8.676342967 0.154536681 -15.338835941 -0.598828904 -0.148006898 0.568439242 0.544403095
5.586355249 0.002498711 -14.341014089 -0.710673622 -0.305421255 -0.154853371 -0.614557803
4.821403656 -5.426262998 -4.386281030 0.373996244 0.243595478 0.878922135 0.168178277
9.342631685 0.663980813 -7.978910681 -0.281078010 -0.487259998 -0.563276752 0.605220743
6.283377800 -8.420945854 -4.328992203 0.573157954 0.139719034 0.800900601 0.102600087
2.294870322 6.848140026 -9.066087302 -0.190808875 -0.571121091 -0.702145886 0.380005037
5.181754964 -1.790102168 -8.873846911 0.481792722 0.238078742 0.836634880 0.106001710
7.810576538 -3.184658504 -8.811842772 0.733868781 0.024852190 0.050646368 -0.676944552
5.541895741 7.813942132 -1.645132315 0.764848215 -0.317806979 -0.449395681 -0.334737889
7.838640187 5.521687181 -13.708862435 0.939260038 0.183291686 -0.171715054 -0.233898866
-2.704126197 -1.192257006 -6.782726349 -0.468628000 -0.087809734 -0.778483003 0.408217421
-3.830759996 -3.602313126 -12.648607253 0.910841499 0.372188101 0.169996442 -0.054267768
-5.090179440 5.788945098 -6.775462486 0.179953290 0.313131862 0.687900395 -0.629569929
5.776208458 -0.511688572 -12.955997482 0.192891565 -0.536563137 -0.564839570 -0.596530891
-0.039702470 9.329874312 -9.437249436 -0.166470059 0.093747784 0.980593239 0.043999682
0.115180978 -5.303366570 -12.623734406 -0.142773939 0.978606296 -0.021766220 -0.146531743
4.321179881 5.298379897 -13.224622720 0.502843258 0.636245656 0.342435608 0.474423837
-2.367011697 -3.238722889 -14.830909660 0.464511376 0.569030459 -0.677831129 0.031280633
-1.429127285 0.645894081 -8.540515916 0.686739925 0.293650101 -0.481131098 -0.458988845
-0.006558834 -7.496048800 -10.258582638 0.136938516 -0.489862858 -0.157987415 0.846358198
-5.167166364 -2.958192494 -3.497054467 -0.942538494 -0.195249305 -0.120948843 0.242631972
5.679319864 4.180108696 -0.491527967 0.084003069 0.940143570 -0.110947791 -0.311069348
0.514997326 2.885835381 -2.070580135 0.268520437 -0.346102757 -0.787980814 -0.432661408
-1.412428421 0.797613653 -10.985092900 0.684079763 -0.426091608 -0.589805588 0.051089997
-0.292931566 7.822239205 -5.450926731 0.629528915 -0.504246036 -0.443515033 -0.390798792
-2.260113340 0.411991536 -15.969911216 0.016244909 0.613551243 0.781033388 -0.115229429
3.187627406 2.972046138 -1.671807337 -0.364846982 -0.322540955 -0.720371237 -0.493881861
8.017572209 2.156378164 -7.385603573 -0.509689979 -0.352357338 0.757628498 0.205084108
2.936466548 3.158788977 -3.332181298 0.873501067 -0.155806527 -0.307309518 -0.343920153
6.889337335 -5.625068644 -3.253032371 0.089739473 0.097827689 -0.968625644 -0.210097433
5.688798258 2.257981713 -5.758816548 -0.185830415 -0.551093131 -0.806814460 0.103989640
-2.980226324 -4.049597368 -4.242391465 -0.037469698 -0.770961831 -0.628044836 0.098861320
7.600415177 0.316677258 -12.806234198 -0.128497171 -0.244111388 -0.679793986 0.679542673
-3.054067239 0.699499930 -9.853015726 0.525688920 0.743603381 0.197154518 -0.363091265
-3.533624196 1.279592622 -2.897281740 -0.731239647 -0.221130679 0.639342693 -0.087354000
9.964473563 7.408987751 -7.266717518 -0.355160360 0.005820550 -0.488105771 0.797232711
-1.234834784 6.386666806 -1.774441183 -0.860572421 -0.465334177 -0.200174515 0.053003548
2.727022850 -4.428841588 -2.075924006 0.858902719 0.147705673 0.163451587 -0.462334006
6.039022968 -5.465510566 -8.003047218 -0.564505438 -0.232963336 0.203930796 -0.765162679
4.975015213 -2.382858173 -14.759621782 0.105053483 -0.265987394 0.086741005 0.954301037
3.820301290 7.648816060 -2.113534700 0.854174743 0.234572825 -0.393834693 0.245469618
0.769563698 -7.498880093 -4.392092284 0.306043172 0.920947891 -0.193025526 -0.144684848
5.757868545 8.038171508 -10.615835912 0.356120026 -0.665603154 -0.632828908 0.172274613
-0.707798237 5.755137851 -13.077195488 0.263358950 0.691950704 -0.538104275 0.402852425
-4.015426549 1.371001817 -14.026592270 -0.199189646 0.759607626 -0.581065427 -0.213735138
2.649712623 7.203847328 -10.106640414 -0.038083443 0.046276862 -0.102736722 0.992901440
-0.813100730 -1.139684546 -10.987043152 0.424955590 -0.484687784 -0.419109987 0.639403877
0.355875083 5.767086775 -15.340257249 -0.239662608 -0.622877037 0.635272607 -0.388606157
-1.045719159 5.958546986 -11.486959195 -0.642475107 -0.012075841 -0.509454009 0.572308067
4.302057116 8.270979705 -3.599941827 -0.925984358 -0.165797148 -0.220289787 -0.257947055
-2.452540293 -3.720271790 -0.573370052 -0.019606164 0.145718410 -0.262017671 -0.953796877
-2.559009998 2.030925195 -2.739965165 0.129419998 -0.929763178 -0.175971102 -0.296352946
9.650583209 6.666174971 -6.636851535 -0.734386641 0.219453483 -0.232703714 -0.598636293
-0.689870597 7.696814564 -10.990793099 -0.144282092 0.131695447 -0.386400449 -0.901406501
4.641706644 -6.316542146 -5.629122005 -0.171166080 -0.492470022 -0.669941329 0.528539560
1.008015344 1.449653865 1.961267413 -0.136172499 0.177024933 -0.715753878 0.661676363
6.352563180 1.323616252 -1.421851558 -0.522675279 0.596828695 0.032914969 -0.607883761
2.271446404 -0.396269015 -4.082644247 0.534395177 0.249671653 -0.602964019 0.537140812
9.668360175 -1.489527574 -9.358667058 0.950004539 -0.179498950 0.070158793 0.245660836
2.945229854 9.193028785 -11.362112689 -0.348434255 0.317596767 0.095543584 -0.876696805
2.831713838 -0.476986618 -10.959674484 0.616225556 -0.755230052 0.145279592 0.169668714
-3.075399990 1.079742640 -13.504388815 -0.593370444 -0.594345040 0.160031658 -0.518705464
2.560277372 -7.317988433 -2.788653140 0.738167495 0.595387903 -0.262787264 -0.177664989
-1.585806710 -5.381742015 -7.242084029 0.301308247 -0.267840535 0.007111367 -0.915108855
2.088447482 0.403369032 -16.892176055 0.825902565 0.004672910 -0.314297780 -0.468059849
3.619692976 -2.263605735 1.783728221 0.264287560 -0.182344148 -0.821399274 -0.471387240
0.078254703 -4.222973039 -3.129319864 -0.558180797 0.411085207 -0.315069905 -0.648208382
4.149913006 8.649402993 -9.603371036 -0.300455583 -0.837907020 0.004465637 -0.455651541
9.591176766 2.114207164 -10.057847262 -0.775538667 0.082151543 0.035207842 -0.624941044
2.568612983 -4.962225105 -14.612074462 -0.281613212 -0.755488329 -0.267812914 0.527453909
6.766087518 4.702175684 -4.957889153 0.114799549 0.958330931 0.090107834 0.245567646
-3.840075937 -3.475169127 -2.433808263 0.110979646 -0.789253343 0.448169155 -0.404854402
1.639712800 2.590432815 1.246341883 0.377263515 -0.242367928 0.177893331 0.875947482
7.634694342 2.122259139 -12.886112592 0.101649898 -0.153476048 0.710733620 0.678947805
-1.246558501 7.697084713 -3.121837415 -0.570495460 0.747042635 -0.335331521 0.063364047
7.151712517 -0.939155988 -6.637454515 0.612465599 -0.199571143 -0.393988611 0.655614386
-0.424376048 -5.016330215 -13.568049206 0.341477218 -0.731533954 -0.273200767 0.523080036
9.721878794 6.539534221 -5.374051790 -0.137353478 0.607901580 -0.106882441 -0.774703708
-5.414938960 4.179650319 -5.162459553 0.308963828 0.485882955 0.761469164 0.297697528
6.501219579 3.838918853 -10.598920043 0.441168708 0.789899281 -0.411919498 -0.108404906
1.057701270 -6.539402598 -11.931545309 -0.670148500 -0.669071541 0.231569251 0.222755345
8.792285525 1.575400773 -9.471530274 0.148420768 0.349258276 -0.813114479 0.441400924
10.066576916 1.598694596 -11.313283451 -0.054001331 0.309026978 -0.597179081 -0.738216315
10.084346046 4.573860510 -5.680719149 0.807803024 0.350583525 0.430608452 -0.197792383
-2.868166201 -1.166827386 -15.186189835 0.405590160 0.731173626 0.480946003 -0.263766361
4.264112686 -2.503450620 -0.204843618 0.573317000 -0.480603863 -0.639338064 0.177691826
5.239055680 -1.545713840 -1.828844330 -0.688860271 -0.404121257 -0.600712855 -0.036077727
-1.919125790 0.613072042 -6.744056886 -0.712761995 0.437436791 0.545613903 0.054081993
-0.271925547 4.020730043 -15.525926573 -0.421865177 0.122505744 0.698080747 -0.565424960
10.713325951 5.787417357 -5.463434421 0.380212016 -0.398645900 -0.759817428 0.345250265
2.354661743 7.973094167 -12.699404495 0.315671146 -0.675728186 -0.642497249 -0.175898922
3.322514286 -3.694345781 -3.818829482 -0.060414571 0.575049890 -0.516026053 0.631968999
6.942705500 -1.285813857 -13.328980071 0.111072477 0.319695404 0.763141960 0.550519847
-5.022759498 2.401067828 -9.417531748 -0.369598886 0.315270845 0.254592535 -0.836171991
8.096852872 -5.724778390 -2.701914252 0.245855153 0.681896977 0.383832461 -0.572052793
0.468430648 2.818702590 -3.066462604 -0.403552191 -0.057839548 0.022953001 -0.912838088
9.104341517 -3.431183270 -2.699785861 0.121095786 0.092220725 0.318827013 0.935510815
4.443244182 2.029523402 -6.265449509 0.013104612 0.091867144 -0.220058385 -0.971062822
0.620985902 9.558554363 -5.285462140 0.253789159 0.207892019 -0.925584180 0.188854169
6.086787499 0.640299203 -11.367960646 -0.129304878 0.412266613 -0.429567593 -0.792961645
1.345997426 4.492667947 0.981997115 0.506046592 -0.100846388 -0.856099520 0.028990769
4.390898588 -5.608561548 -2.588637163 0.633593643 -0.323677027 0.679019674 -0.180899309
4.043943406 8.577517750 -5.420548978 0.749223251 -0.418972447 -0.485148596 -0.166605670
5.915256141 5.069764857 -13.515046591 0.656525813 -0.565980497 -0.466592481 -0.175873220
4.245565368 2.315526725 -6.301834502 -0.023891863 -0.616748225 -0.405489848 -0.674261662
1.161445464 -3.538964898 -4.518667677 -0.666375192 -0.413713631 -0.601797571 0.150415484
3.219340179 -0.894177930 -12.903317157 0.762704831 -0.318878370 -0.121308779 0.549437991
0.695925349 -1.177001947 -13.549299448 -0.792419305 0.446038408 -0.383757019 0.160785368
-3.366090143 5.580713557 -3.428625632 0.137845946 -0.560594417 0.219399603 -0.786508874
6.879896736 -2.190306658 -1.046980951 -0.354215347 -0.204874707 0.799102263 -0.440446835
11.735831985 -1.059371386 -4.502444791 -0.755265321 0.469721461 -0.432607972 -0.147602119
0.928197930 -0.887375440 -4.722198632 0.540708934 0.179143824 0.680245301 -0.461310816
9.687076619 -4.436841940 -3.274318812 0.328756932 -0.883786239 -0.086674610 -0.321447159
-0.560621330 -6.638617645 -3.764454766 0.340405408 0.721538073 -0.599337360 -0.065587315
-5.197281025 -3.836860792 -9.725475205 -0.251523614 0.223057701 0.160300915 0.928054282
3.008085451 2.262922885 -4.470819956 0.616717462 -0.287751350 -0.643770012 -0.349884131
-1.726993154 0.495725209 -7.872904780 -0.154479893 0.710060680 0.628547688 -0.277268097
10.490739071 -4.270180732 -3.600233594 0.779847561 0.378192082 0.100415862 0.488595114
2.992839536 -7.711526523 -6.014367348 -0.161761670 0.308157684 -0.198936895 -0.916131058
10.226222908 1.193722711 -12.356818133 0.519212766 0.560667935 -0.034101156 0.644132503
-2.008748756 -6.208280445 -6.791172856 0.402755059 -0.663593957 0.524854004 0.349227285
2.988400355 -0.462859826 -4.729565069 0.784231565 0.574902560 -0.213805885 -0.093567852
3.190381298 -1.639670217 -16.153174444 0.365662837 -0.125566620 0.307984445 -0.869292411
3.138653564 0.850655170 -8.010564705 -0.324243485 0.482700248 0.767038628 -0.271142723
2.097366587 -5.282703328 -4.246866106 -0.399380812 0.011656591 0.123292627 -0.908382089
1.636032816 1.155983339 -1.332620816 0.434893490 0.615520685 0.082045404 -0.652127664
3.177442255 -8.389590994 -5.186667587 -0.224829503 0.757600836 -0.197843101 0.579957563
0.841658353 -5.938503487 -0.414064484 0.012764712 -0.369452499 0.541286832 -0.755215518
-6.886032096 -1.321876902 -6.481240439 -0.315044593 -0.419427625 0.832801914 0.176828571
1.117629045 -3.115275418 -12.810779985 -0.636597015 -0.600614491 0.317352981 0.365093903
4.538711503 -3.665021948 -2.780022707 0.327855122 -0.283902560 -0.176473865 0.883610395
2.372168620 6.344510782 -4.601036737 0.128469594 0.882006662 0.035301117 0.452010667
7.715330023 -3.568398424 -3.338825029 0.056469064 0.766754530 0.225638818 -0.598319196
5.736981834 -0.346808347 -14.685956036 0.325612492 0.576973768 -0.056705038 -0.746901810
4.151520767 -3.479686846 -12.401901936 -0.002675258 0.219782513 0.581362275 0.783394151
0.400959814 7.095001675 -2.212251912 -0.113748371 -0.363485769 0.924361880 -0.022237764
1.273026970 -5.775570945 -5.311348672 -0.638411939 0.303670057 -0.305049500 -0.638090507
-1.242704632 -5.005851430 -5.922518378 -0.573875333 0.341712708 0.736523016 -0.106926963
0.204695480 -2.688164710 -1.037133705 0.679917163 -0.215124517 0.587122740 -0.383041749
4.705849447 -5.195423326 -4.237897394 -0.810626742 0.317376870 0.319950213 -0.373882425
8.755050932 -7.589595261 -8.903726154 0.506249854 0.086820949 -0.421353202 0.747418682
4.813530718 6.926947337 -1.588155991 0.173270056 -0.228187387 -0.201638795 -0.936616144
-1.074781869 -2.538483097 -0.403667515 0.392070369 -0.415026475 -0.738384334 0.358918411
-2.673098083 3.975214051 -6.046679339 -0.376705276 -0.281945961 0.611854184 -0.635794045
9.173116881 0.883273841 -1.752661910 0.361132933 -0.533303549 -0.020432997 0.764691325
5.105202359 2.925658325 -15.081398790 0.068976285 -0.964368588 -0.028982032 -0.253762765
-5.449237623 2.743848789 -8.027287475 0.633667636 -0.019507321 -0.082857182 -0.768907978
7.205774488 0.038294592 -16.079667828 -0.405553640 0.633909362 0.486738442 -0.443588610
2.000430537 0.597262025 -0.961329605 0.013143473 0.435182723 0.806516643 0.399967688
-1.488712349 1.277870802 -4.322881253 0.070940240 0.042550484 -0.848039758 -0.523436250
-1.605509409 -0.130987919 -2.778732695 -0.124789029 0.805649604 -0.579070639 0.005797289
5.441359002 7.006063961 -10.288151099 -0.557411561 -0.745340457 -0.079631108 0.356957759
-0.773290657 8.468372595 -8.527088144 0.234056199 0.093975824 -0.946660687 0.200548707
-0.476794696 -6.181810718 -7.127899244 0.471767594 0.305839741 0.669919928 0.484875943
8.202261676 -3.808350277 -6.486263516 0.138344813 -0.636300736 -0.724048509 0.227455143
10.451145885 2.593998320 -13.045797825 0.571404888 -0.573098254 0.300639593 0.504649066
-2.186080172 2.959965853 -0.166636656 -0.494309752 -0.326646808 0.663119481 0.457419158
3.869923736 -3.227955918 -1.071330524 -0.017797375 -0.320009331 -0.088851714 -0.943070864
-5.966521974 -3.610870394 -6.450014151 -0.321853607 0.440734744 0.740398766 -0.392393691
-4.594231435 -2.149108201 -5.167876816 0.648947452 0.542105618 0.487763729 0.216968309
9.787133518 -0.722733772 -9.816334127 0.585969552 0.235127764 -0.063355019 -0.772878232
4.846594741 3.736954343 -2.803657627 -0.443662322 0.099673701 -0.327255923 -0.828331128
6.994915721 0.283330153 -10.985045039 0.566283296 -0.079982122 0.195044402 -0.796795940
0.090008749 -2.381720275 -11.907355902 0.009078606 0.140162029 -0.980714979 0.135905539
-1.356621793 8.695978637 -5.919896191 0.203848753 0.141479535 0.811413131 -0.529186128
2.595776729 0.717217290 -16.389136511 0.474497641 0.307649735 -0.713202242 0.414181352
10.352320799 -3.921884455 -10.299873185 0.317195230 -0.903704954 0.176050858 -0.227399732
0.135177586 -1.749644665 -14.458821130 -0.529466431 0.181326591 0.549382199 -0.620455611
5.272473702 7.091528535 -4.005806265 0.120955550 0.446197455 -0.481972060 -0.744298676
6.219243591 3.600262945 -8.688749369 0.395235167 0.856618658 0.162136744 -0.289318707
0.669654862 3.948246635 -11.846489302 0.267120680 -0.345738492 0.445069196 -0.781680784
-4.740423826 1.974152049 -4.097705594 0.629696291 -0.178289368 -0.732291047 -0.188269234
7.642761247 -3.279074718 -11.595776547 0.733818476 0.032019837 0.014164758 -0.678442728
9.053136470 -1.820719127 -2.910540559 -0.115964233 0.288672466 -0.859196320 0.406204612
7.263715060 6.345394998 -7.542936943 -0.413853862 -0.700745664 -0.139011290 -0.564230766
7.023711958 3.771283795 -8.026993529 -0.539825576 -0.563022145 0.624413329 -0.041260226
-2.788555213 2.232098295 -12.032835533 0.227473245 -0.389855127 -0.158975203 0.878063658
3.967995879 -7.421506008 -3.950578556 0.987319479 -0.151308645 -0.041732708 0.023755434
3.816130641 -3.997261552 -10.675516715 -0.479689748 0.314449184 0.789453265 0.218593229
-1.096549322 4.368200777 -1.943854395 0.196562612 -0.098709250 -0.712285255 -0.666535325
3.254204147 7.261257780 -8.230351222 -0.413442908 0.744302793 0.497037790 0.167426847
5.810271091 7.346171523 -13.738021836 -0.847191763 0.418536863 -0.269260958 0.185988029
5.815867808 2.656414891 -0.220387985 -0.193022912 -0.718630552 0.211508253 -0.633700674
9.381092433 -0.230926494 -6.641480896 -0.645324729 -0.709935188 -0.081062440 0.270142376
-1.041431393 3.928170227 0.028732326 0.097552041 -0.691648484 -0.495931651 -0.515904809
1.452650717 -1.138504335 -2.045547686 0.666649875 -0.186093727 -0.481039820 -0.538096423
-4.238026489 -5.890339946 -7.458897721 0.118517681 0.936120154 0.289373091 0.160921817
9.413017983 -2.081183754 -6.558464923 -0.125423053 0.885896535 -0.429324479 -0.123032021
8.579380670 2.605373813 -4.941428787 0.025137143 -0.493478775 -0.404498408 -0.769563422
-1.276151358 1.417022686 -9.829919642 -0.422096741 0.007498219 0.221038645 0.879158709
1.562005402 8.365128128 -13.221116118 0.312624314 0.592663609 -0.595501666 -0.443163234
0.084388244 -1.554927998 -5.000839711 0.764463269 0.321503337 -0.531565148 0.172249841
0.341733207 6.863413904 -4.738152930 -0.368634824 -0.658354266 -0.584849365 0.297706646
-3.475363088 4.622769463 -12.409723096 0.205909254 -0.411268532 0.711974569 0.530614536
7.635558186 -3.050883704 -5.519862534 -0.786845911 -0.016477683 0.551320576 -0.276853067
7.589239717 0.671529644 0.938875957 -0.640010278 0.594108846 -0.480186871 0.082716943
0.786633913 -7.834944232 -12.406189722 0.299724287 -0.892173210 -0.128360234 0.312595530
-2.909157723 2.401818134 -9.255335592 -0.762169868 -0.110267295 0.400036839 0.496899128
3.263558259 -3.578000487 -6.242177814 -0.241183984 0.470387060 -0.428547781 0.732743543
-2.535050250 -5.647643283 -11.581186103 -0.983165169 -0.058508865 -0.007305687 -0.172943893
2.403242532 9.105856099 -6.796860218 -0.968518388 0.039362890 -0.089670327 -0.228870986
0.550530571 0.068556798 -1.544605152 0.648667622 -0.478254628 -0.391124644 0.444437104
2.259812223 -0.381210253 0.883495892 0.754411598 -0.156153240 -0.440108134 -0.461285309
9.706915285 -0.956733957 -5.995231666 0.948592394 0.313117877 -0.041590919 -0.019996535
-1.976511921 0.909039823 -3.631929302 -0.342422278 0.098770021 0.647514865 -0.673584416
8.947289000 -2.828443664 -3.197328863 0.498593613 -0.150395785 -0.166967753 0.837202058
7.413200793 2.549212679 -9.719983610 -0.440381794 0.062854597 0.124365624 -0.886930869
2.003748653 -2.436263115 -9.922342264 -0.166928060 0.115158516 -0.942498585 0.265650062
5.194050309 -9.080797791 -9.012345993 0.377486744 -0.144932279 0.633417214 -0.659758308
4.151999238 -3.288209268 -2.375616698 -0.001160918 -0.740259534 -0.392235092 0.546045884
-0.292088127 1.818998140 -3.878914119 0.230200582 -0.076999589 0.957544053 0.155525374
0.727088813 8.521804804 -5.532869516 -0.135087418 0.039256227 0.361671528 -0.921631187
-1.159427065 3.155883891 -13.719979847 -0.036405658 0.408898377 -0.790923765 0.453780061
3.048310558 5.266099664 -15.551584510 -0.529537400 0.501672671 0.359827416 -0.581755021
-3.181063623 -3.719173083 -13.717467412 -0.631634021 -0.272417480 0.488958871 0.536419988
-0.772615523 -7.394607382 -4.303436516 0.318918947 0.239565938 0.698245107 0.594434720
0.730241384 6.229901493 -3.573899356 0.513293996 0.669094255 0.520629098 0.133369763
2.342594646 7.152605920 -9.664590653 0.538747007 0.641940916 -0.539904597 -0.078527374
7.795723614 -5.846051674 -2.105454274 -0.621923680 -0.743455328 0.238087742 -0.061638779
-3.943301204 6.025455676 -4.814095604 0.484114110 -0.717881372 0.013398294 0.500100340
6.619792319 7.377649230 -2.997082180 0.150708909 -0.888703058 0.135773038 0.411168314
-0.120852797 5.892284181 -1.575344138 0.062704282 0.934593679 0.004183796 0.350121872
1.494107702 2.252349015 0.892914727 0.339642080 -0.748247209 0.462193822 0.333386026
-4.955442177 -0.953977910 -10.527862340 -0.344809648 -0.259732617 -0.026160166 0.901643455
8.029104111 7.187158895 -12.721437578 -0.683106804 0.352463455 -0.632570696 0.094809928
0.578484987 5.148267015 -14.684176342 -0.264791609 -0.573142234 -0.624225524 0.460147671
-0.042731795 -3.927690242 -15.589734261 0.783848984 0.010164838 -0.515769449 -0.345628878
2.561667543 7.031129325 -3.342120956 0.468471980 0.022093269 -0.524102381 -0.710888589
10.821428050 2.254366270 -10.304466588 0.170536852 -0.403851093 0.440979456 -0.783172137
6.977717622 1.499590603 -13.574209490 0.228061135 0.454586679 -0.311783818 -0.802577050
2.770005131 0.016794767 -10.245842973 -0.163882918 0.859862152 -0.432299559 0.216556137
4.693303690 -1.029408191 -2.202256188 0.389066006 -0.746100498 -0.378740697 -0.385379261
-2.999341226 -2.326550578 -12.289387609 -0.516566676 -0.257318212 -0.108409570 -0.809440283
-2.144000573 0.385823020 -6.534279292 0.276950834 0.421773475 0.042748590 0.862309648
-0.523269945 1.338590554 -6.182697346 0.452011551 0.879455092 -0.037351306 -0.144392448
-0.043282975 6.648170579 -7.403162494 0.299973715 0.111286914 0.081760618 0.943899462
-2.100641224 -2.774477858 -3.328303871 0.318551471 0.599720543 0.678427465 -0.280350503
7.401208587 6.630776621 -8.390213162 0.911723775 -0.138424388 -0.167140303 0.348801615
4.691328596 0.835200970 -13.227538017 0.513941036 0.844194586 0.087850505 -0.124428300
-3.055728962 -6.501613668 -11.118065940 0.539129073 -0.057407011 0.155231604 -0.825801082
-3.658130941 -3.209450375 -12.005584271 0.570693293 0.325279645 -0.691055508 -0.301570228
-2.394458461 3.437420216 -6.756343765 0.245398627 0.100948094 -0.956067571 0.124594528
4.392970444 2.955980662 -10.635167589 0.657439144 -0.709469148 0.003400479 -0.253802555
4.950956708 -6.638831994 -9.664449768 0.705066958 -0.629529728 0.269008021 -0.184952943
3.614161402 -6.751113638 -13.106123264 -0.668210962 0.248775359 0.428289608 -0.555133266
-1.001265123 -0.214292742 -4.333267387 0.249937947 0.248388786 0.843849557 -0.404662771
6.085001554 -3.109110063 -4.555541200 0.817268251 -0.356411650 -0.397495791 0.216888078
5.114883104 -0.042926405 -0.218770947 0.707690230 -0.293052338 0.473679814 -0.434651929
8.835172866 -1.942585587 -9.064409439 0.382801065 -0.309772916 -0.607849496 0.622914982
11.993121382 -1.573673993 -5.284364845 0.137345497 -0.157182635 0.899715183 0.383330697
4.709490803 6.435530270 -13.465536050 -0.706488077 0.209494941 0.195130525 0.647232991
-0.283193760 -4.285243576 -7.789255885 0.177346980 -0.153066693 0.962864879 0.134200823
-3.283182710 6.805758434 -5.848888453 0.306500356 -0.025418964 0.691076359 0.654083232
4.430438718 7.505241873 -6.228846056 -0.099161049 0.488247993 0.722513361 0.479328099
1.448398907 4.148725822 -14.363657943 -0.001626900 -0.892078056 0.402983220 -0.204447105
1.991198954 -7.247967319 -10.323343844 0.027066524 -0.019672700 -0.858925601 0.511006067
8.644860475 -0.784541296 -2.614083031 -0.588678890 0.726682340 -0.227594642 -0.271275910
11.842566030 -0.576391792 -4.428466311 0.417258860 0.749024670 -0.476589164 -0.194216007
8.152407900 -1.399238699 -9.557186028 0.777116276 -0.075831465 -0.463603296 -0.418821999
9.432873418 4.757742442 -2.853697659 0.784501068 -0.515866903 -0.333372124 0.085454310
1.265972770 1.082984019 -13.170388885 0.693742659 0.095985541 -0.705654657 0.107514670
3.346121875 -1.587830103 -7.684666963 0.224973975 0.251817647 0.650684799 -0.680135189
7.248134288 3.552098141 -6.731330287 0.028750473 0.338489530 0.149348000 -0.928597557
3.247935030 5.632182149 -11.577181023 0.411950516 -0.579543634 0.121523777 0.692573405
-1.221130581 7.598502828 -4.903803272 0.672315689 0.190844207 0.433522301 0.568883572
8.539988361 -5.297169615 -3.121551153 -0.363625219 0.265445315 0.387191618 -0.804610549
-5.452630309 -0.866323385 -7.402825795 -0.103649431 0.685096228 0.663592466 -0.282037220
4.587414717 1.449625403 -16.548451405 -0.187886626 -0.790514700 -0.320960003 0.486589972
4.046205594 4.504843682 -7.101971146 0.525974609 -0.298524323 -0.558705135 0.567523138
-0.103880948 -5.971989908 -9.307015232 -0.363649610 -0.818625125 0.420326737 0.144697269
5.929069826 1.589983351 -2.960063896 -0.501337431 0.118345252 0.669227689 0.535527293
0.772310261 -1.868482841 -12.999721297 0.932672857 0.094735345 0.345159216 -0.044851652
4.482862631 1.422363719 -8.084145191 -0.092794473 0.176362244 -0.157624970 -0.967181428
10.245264123 -1.721964420 -7.797190404 -0.534991202 -0.588169159 -0.120759769 0.594355561
6.055250083 2.245085237 0.998661499 0.079337459 -0.253426796 -0.935832781 -0.231727067
9.074445392 -2.168277635 -14.371768274 0.382246720 -0.785680438 -0.471064820 0.121209036
-0.252643554 -6.645592272 -5.869187847 -0.807791164 0.231917829 0.534582895 0.088930783
9.051777661 4.546576355 -1.446662185 0.191317889 0.722996981 -0.529108461 0.400895333
4.423017116 7.959404799 -1.707243070 -0.570628995 0.407559756 0.683455364 0.202894950
-4.828409880 -1.244019796 -12.869409661 -0.149121236 -0.302932956 -0.535148040 -0.774345567
3.093401003 -6.284270009 -1.310563609 -0.584913041 0.687879178 0.411999807 0.122291168
6.982919771 6.879875251 -6.855302860 -0.463528732 0.199113385 -0.547438728 0.667686913
1.765858449 -6.773807709 -1.903944730 0.329908086 0.718580279 0.363692918 -0.492473857
2.362490864 -1.382257145 -13.001472306 -0.327884094 0.495378463 0.266323424 -0.759054697
-2.931610288 -2.100755196 -3.948883634 0.445627191 -0.717526144 0.144279725 0.515515276
-3.061378040 -3.104889560 -5.930186910 0.327924671 -0.510608175 -0.118753267 0.785902261
0.765247783 4.749491889 -4.797367045 0.380894521 0.558733052 -0.107660310 0.728797639
6.763075359 -4.408143985 -12.870741618 0.280722000 -0.937132243 -0.204932376 0.031321543
2.222661555 2.266114960 -5.822647367 0.599227097 -0.688602902 0.267245263 0.308760262
9.214018339 -4.175888010 -11.676361357 0.186021529 -0.863630574 0.236506565 -0.404478513
4.369584594 0.486451827 -2.036178226 0.249248188 0.615172144 -0.705817793 -0.247507205
-1.515564524 -4.843525086 -9.484335713 -0.302031848 0.892666529 0.071332961 -0.326855993
12.053186983 -3.075526232 -6.351192860 -0.500229603 -0.248970370 -0.144651853 0.816614928
6.314946776 -0.670041075 -14.319869917 0.433244233 -0.182465460 0.225831425 0.853232652
-3.535867034 -5.466453104 -11.813980257 0.534667350 0.225261149 0.598989424 -0.551905708
5.305581757 -2.139841790 -6.082857648 0.213717428 0.495816582 -0.256139774 -0.801799971
-5.387935404 0.304822611 -7.900824481 -0.545256759 0.237003178 -0.031112959 0.803465335
6.280970974 -5.086962069 -14.442530937 0.342332640 0.042980257 -0.118386670 -0.931099166
3.904288617 -5.230481438 0.619269303 -0.577057366 -0.333051539 0.745537189 -0.015992759
7.479178690 3.276085956 -4.863785373 -0.471695585 -0.685818169 0.300646721 0.465583787
10.726713662 5.864783740 -9.873211799 -0.086128128 0.719247191 0.109498682 0.680643418
1.466803680 2.423551984 -11.663532834 0.087244043 -0.562321829 -0.217436906 -0.793034570
8.544073343 -1.732648188 -10.538509894 -0.332334505 -0.161355986 -0.877585482 -0.305551541
-0.170563418 8.236774731 -8.425247673 0.330710724 -0.038980158 -0.935397038 0.118925799
1.814585266 -7.976597513 -4.226783944 0.777694986 0.223607439 -0.578835343 -0.100696914
0.417412421 -1.071779499 -8.376539154 0.005486532 -0.707937925 -0.657780050 0.257136534
3.245963675 -7.452432069 -2.328305902 -0.109967623 -0.717839053 0.680129982 -0.100186946
8.558016446 0.198145636 -14.089161230 0.075510615 -0.537127887 -0.334584171 0.770613530
-0.361173582 2.394541137 -2.175656608 -0.037442365 0.633469186 0.764214073 -0.115289678
4.716883430 1.995120648 -17.244674644 0.000003177 -0.155485271 -0.738418877 0.656172152
6.539749589 -4.593799477 -5.786340525 -0.595784412 0.043477376 0.699159109 -0.392844997
4.921133276 2.059259681 1.634673912 0.861451169 -0.147643869 -0.462625804 -0.148595212
3.781062073 8.886278530 -8.786740349 -0.480740275 0.628094750 0.606822846 -0.078433452
9.087810335 -0.409690534 -9.248910443 0.585630130 0.566478551 0.434486100 -0.383876583
-0.616847442 -4.609081530 -6.089472982 0.492794917 0.763122748 -0.415611254 -0.045432660
-1.455303116 -2.522420100 -9.200600817 0.073016611 0.930754108 0.117882437 -0.338332818
11.386959710 4.722290576 -9.216893278 -0.430512985 -0.890080614 -0.014803552 0.148982967
1.437714732 0.602422817 -1.920443689 -0.018178009 -0.571304136 -0.815497402 -0.090802705
11.667260935 -2.730237756 -10.884173071 0.230378033 0.224059942 -0.223957560 0.920090276
-6.554871519 0.103749552 -6.528273683 0.330040984 0.331724105 0.883044805 0.035551926
2.220154358 -3.538158918 -0.285348538 0.500611249 0.603273524 -0.405399946 -0.470213055
9.060492794 -0.312703883 -1.876893288 0.167435915 -0.559528276 -0.499812355 -0.639594350
4.934352913 -6.978188683 -10.160293449 -0.296237089 0.781018225 -0.126796726 0.534954867
-0.540144905 -1.177174618 -12.784718359 -0.023399313 0.291263168 -0.879283881 -0.376135742
-0.225185224 -4.854278032 -8.347099547 0.365591538 0.015716177 0.149954298 -0.918482192
5.265315112 7.273202711 -0.950132876 0.014965854 0.882312139 -0.445153591 -0.152117039
7.420276438 -3.052528640 -9.207676652 -0.703763365 0.059486933 0.067804477 -0.704685025
9.074990172 -1.317364809 -1.034272884 0.057109664 -0.616829762 0.286862418 0.730732156
2.055685611 4.815688959 -4.272986854 0.823777004 -0.317104046 0.415998587 0.218590133
3.762301924 -3.969544417 -2.313345044 0.512614124 -0.729441616 0.432625833 0.134076760
-1.186374982 2.451158165 -15.391439171 0.147089687 0.691253672 0.411490307 -0.575507352
4.873575179 -7.446140286 -7.338312362 0.238701119 0.379651928 -0.575391552 -0.683966923
0.881250053 7.221409812 -8.260117813 -0.076596360 -0.008166847 -0.309486795 0.947778573
5.266955682 9.529303894 -9.855418803 0.820771400 0.203115914 -0.262430054 -0.464982475
11.208394278 -2.393035704 -10.410064414 0.500782141 0.652922645 0.559273219 0.100611795
2.115427144 3.084018633 -15.490877760 -0.457722719 -0.522073068 0.244539431 -0.676853079
-0.364905393 5.450740902 -0.547566738 -0.846229881 -0.303448030 0.435553571 0.045906079
5.498308209 5.160373251 -4.362276347 -0.304622196 0.296984248 0.280087026 0.860556176
-3.044526105 -4.330480062 -7.848211762 -0.010082752 0.106857894 -0.120590960 -0.986882743
1.580528276 5.991098771 -8.175103078 -0.199163684 0.929314546 -0.299440552 -0.083926496
-2.024739226 -6.404302122 -12.587783168 0.455451760 0.823046083 -0.214446734 0.263004633
9.623272447 -2.444090836 -3.278183428 0.140275419 0.278220079 0.257448570 -0.914678429
-0.545336115 1.589019753 -1.609283488 -0.404149880 0.837526651 0.059058266 -0.362938156
4.741034052 -0.661834409 -13.819448903 -0.598022124 0.788661167 0.110307705 0.090638365
-3.659849845 0.605545873 -0.553921280 -0.260261323 -0.193385541 0.751801462 0.574160811
8.057319327 -0.945195025 -15.117604549 -0.672879229 -0.353999926 -0.227129852 0.608547143
3.417478795 -9.072718060 -5.954511731 -0.856073635 -0.129751515 0.032222893 -0.499263618
-2.324616826 -0.095174529 -9.938269217 0.221968673 0.402970365 -0.773242690 0.436394931
9.207862968 -2.298707657 -5.563368139 -0.607295668 -0.627107375 0.458688428 0.165931423
-1.187292805 7.311796165 -3.169058850 -0.116539593 -0.748862319 -0.484133106 -0.437308686
2.846832783 -5.157955810 -9.342316269 -0.584889758 -0.004975763 -0.544195163 -0.601440635
-6.191780840 0.048985834 -11.189657673 -0.666890996 -0.282475666 0.638783481 0.259652773
-0.105884534 -2.437137255 -2.857772617 -0.028861017 -0.906982882 -0.114918827 0.404156847
-5.089461268 -3.539478674 -10.939008445 0.217010174 0.000214935 0.975485134 0.036541652
7.160921938 4.893348569 -11.750973338 -0.043862334 0.657774978 -0.511736935 -0.550938730
-2.052315835 -0.568233916 -0.827406789 -0.720618337 0.430602717 0.431071958 0.330858701
-5.395499771 -3.472930501 -5.742366141 0.262264400 0.831648943 0.028639975 0.488627846
5.727901500 -1.304541863 -0.764806138 -0.309741280 -0.413550342 0.602001187 0.608794732
0.775987065 -3.643133971 -0.560957733 0.162601151 -0.578614541 0.262636065 -0.754843279
3.272611829 -6.342972906 -11.198787161 -0.428566712 0.460575742 0.664571920 -0.403168355
6.960007160 -0.654608711 -6.717961782 0.163278320 -0.263567055 -0.934187150 -0.176541686
-5.291726125 -4.603484148 -8.343002537 -0.683462352 0.075147293 0.193878127 -0.699745218
0.495420499 2.390885547 -14.259086008 -0.823165968 0.284468714 0.350883858 -0.344028862
4.678432365 -1.594632004 -15.810069703 0.041123381 -0.265898126 0.328547154 0.905352871
0.751361141 1.981049075 0.864505491 -0.678063751 0.335652589 0.269678950 0.595684609
4.293106831 5.220640496 -13.641381440 0.823991397 -0.287628790 -0.184661551 -0.451893757
11.030927048 -1.695754090 -10.614567390 0.534567544 0.639848452 0.550734302 0.039028560
10.368575388 0.803394561 -13.859660994 -0.174816730 -0.065243866 -0.573700467 0.797527506
3.054070772 3.618071671 -15.960768860 0.110462111 -0.875920429 -0.138270435 -0.448823809
2.723259035 5.107423041 -11.255146532 0.138408008 0.682111663 0.044117181 -0.716673271
-0.792681024 -0.844718010 -1.233575532 0.445959285 -0.270770751 -0.826371325 -0.211929116
4.036838808 2.576128139 0.213320240 0.874468183 -0.051338210 -0.475061969 -0.083581756
-2.093611111 -4.363674338 -9.452802973 -0.265417712 0.868186781 -0.386934885 0.161513302
0.918920027 -0.727253503 -0.696448239 0.484630347 0.183981726 -0.722168432 -0.457992256
3.605277471 -7.233982683 -3.385865408 -0.107419388 -0.947893296 0.277301299 -0.114295078
-4.366693807 0.751883733 -6.151998853 0.161091149 -0.787293859 0.568628492 -0.175726090
9.104626150 -4.833175056 -8.341065173 -0.616959916 -0.623197582 0.435365744 0.203572848
-0.709267184 -6.693083183 -2.446394602 -0.072904172 0.881852426 0.108340893 -0.453082258
6.896951663 7.899101946 -5.802171286 -0.832403742 0.450124933 -0.051561600 -0.319112764
0.346303437 3.300468452 -7.266838031 -0.847906275 0.427841518 -0.195931488 0.244166820
10.530452256 6.041347055 -8.746645375 0.319000376 -0.018263087 0.930639332 0.178369433
-2.512829023 -5.050154530 -10.981337255 0.873581376 -0.212943787 0.180706718 -0.398566939
7.833828136 -0.307249745 -10.879625261 -0.351266651 0.850804746 0.080260419 0.382493516
6.928871710 -7.896323979 -8.875445483 -0.052607022 -0.746931606 0.280110269 -0.600719498
-0.587143980 -4.569722468 -1.920093374 -0.708194904 0.454736840 0.256351105 0.475350918
2.252893143 1.035488707 -0.464989520 -0.122295563 0.497097812 -0.417696655 -0.750644433
7.591979715 0.481881057 -10.595051664 -0.810306451 -0.001992477 -0.473138101 -0.345745315
10.209281925 5.861153227 -8.133540416 -0.815113541 -0.068842598 0.255182012 -0.515492729
1.564662104 -0.326210492 -16.527135150 0.091063463 0.565082149 -0.115600631 -0.811804228
-0.525198146 6.296527234 -14.530756364 0.752650719 -0.028906839 0.523222264 0.398647403
3.709088447 -0.160032217 -16.306569657 -0.505080231 -0.369325015 0.061760461 0.777610853
-2.487419878 0.244284205 -3.949867157 0.674789246 -0.269211759 -0.590341466 -0.351683743
6.565792942 2.359742509 -1.200359809 0.294811022 -0.118593318 -0.295702461 0.900878538
4.918378921 -2.528373579 -16.091966064 -0.221823825 -0.834935471 0.379255684 0.331424313
8.783480285 -0.029230670 -8.681742472 0.208009091 0.478281213 0.807026982 -0.276923726
3.430061641 -1.668893839 1.672145859 0.243032442 0.841641582 0.281872050 -0.391309119
5.043351270 5.921526824 -2.805038244 0.399476989 0.477558578 0.780269802 -0.059455658
-5.901454399 -3.776905267 -9.527504648 -0.168787899 -0.765287484 0.553842851 -0.281253991
12.165620549 2.870312494 -5.331042296 0.668711810 -0.689420696 -0.131963801 -0.245171724
10.111608319 2.295801427 -5.712056455 0.306940342 0.852033002 0.320150736 0.278084334
4.725042370 2.396452656 -4.019701494 -0.021098061 0.230794077 0.489035489 -0.840912158
-0.529387706 3.931701695 -7.415041452 -0.092049991 -0.651237348 0.718174140 0.227250129
1.426511452 9.890578560 -5.444022229 0.114842166 0.509074195 0.827351261 -0.207712860
-3.920534145 -0.430979159 -12.623198214 0.631836250 -0.309626498 0.192262585 -0.684068332
-0.290099881 2.498676432 -14.115172252 -0.405246375 -0.219147718 0.046843808 -0.886315582
2.999780064 -5.154126708 -13.648107316 0.394077588 -0.818208641 0.327754282 -0.260412377
-4.215572039 4.325190822 -7.679115588 0.847823970 0.497589824 -0.083212520 -0.163323479
12.016883551 0.996223207 -11.076592947 -0.358174307 0.875908785 -0.263571421 -0.187149866
-4.213067753 3.672834745 -9.777016624 0.348780384 -0.372451074 -0.736436009 -0.444178394
2.270709311 -0.285860558 -4.093871192 0.661367100 0.411107881 -0.134966939 0.612672666
1.115862810 6.351436925 -3.244530424 0.833208409 -0.399135754 -0.360196676 0.129277809
10.367274091 6.624441225 -8.776486990 -0.117389103 -0.312451920 0.331128254 -0.882580124
-3.875372794 7.234955591 -6.305146095 0.253644640 -0.394003740 -0.883302195 0.014236615
6.564950094 2.957517737 -0.950887786 -0.881753954 0.074839043 0.189995755 -0.425218409
6.021872475 -3.058402550 -6.238388402 0.024548306 0.672075183 -0.034679976 0.739262895
2.845938603 5.769194376 0.259321789 0.823087636 0.199390907 -0.523329040 -0.094322455
2.452428617 1.903737959 -2.006427219 -0.095761409 -0.745588740 -0.591351021 0.291943750
9.945529193 -2.867952678 -4.524697860 0.705905940 0.027129796 -0.291267904 0.645076574
0.988921069 -6.998354528 -8.809799791 -0.617623942 -0.669143153 0.150097535 0.385043942
-1.744751119 4.878897608 -13.088080720 0.046828679 0.338700276 0.935317255 -0.090944101
4.603248973 -6.024228879 -1.957730331 0.413564420 0.383641666 0.715356645 0.412369267
11.055540351 0.817090048 -7.985614725 0.382474012 0.395072631 -0.504051949 0.666005164
3.862428072 -9.508726290 -8.438350724 -0.056892991 -0.651233800 -0.084823431 0.751972547
7.603492653 0.150618576 -10.589744455 0.036559828 -0.475739054 0.227621725 0.848836899
4.182458877 -3.175126429 -0.653737132 -0.451797452 -0.254275516 -0.760042325 -0.391865651
4.868320838 4.288987862 -2.427305782 -0.404361589 -0.374166723 0.492485718 -0.673757216
3.616955193 6.040967555 -12.503731350 0.260763622 -0.446793346 0.779974760 -0.352161062
10.706004879 4.004161455 -4.984955043 0.499790040 0.556348521 0.270387239 -0.606281271
9.111298151 4.371961978 -7.629192334 0.120796206 0.365983812 0.899527421 0.205704995
3.123509540 2.510630737 -1.027355904 0.056183110 0.027114439 -0.729669859 0.680947988
-1.503115985 2.345054860 -14.141576761 0.069472272 -0.356298811 -0.636082745 0.680899040
3.561668442 -4.557529028 -15.539325822 0.077264934 -0.541108753 0.404349613 0.733302692
-5.159582373 -2.904520680 -3.353962075 0.523332941 -0.091454086 0.827436565 -0.181954703
-4.205529606 1.981373127 -3.646902100 0.286367938 0.074165500 0.311593128 0.902996459
5.118643387 2.710268342 -5.521845537 0.127155261 -0.907749933 -0.397196884 -0.045345727
-1.421088935 0.697602647 -14.527933646 -0.644083019 -0.239767817 -0.419811484 -0.592812598
2.431134427 -5.945034555 -10.514912288 -0.471263286 0.130548151 0.607870967 0.625588509
6.446303948 -1.429350573 -6.444076666 0.773947752 -0.535848395 0.281669250 -0.185832743
2.940252160 -3.027672674 -3.546531473 -0.693981764 0.322444849 -0.516474546 -0.384282023
4.199297085 -0.436274237 -14.412969405 0.074996858 -0.963551091 0.021680110 -0.255880321
-5.545015369 1.927845530 -6.645284694 0.542148701 -0.092085053 0.808485404 0.209634159
2.626675987 0.566401593 -14.446021475 0.299749936 0.600261812 -0.059511631 -0.739117108
1.321195869 -2.558433619 -12.147774587 -0.054331807 -0.190520963 -0.651649939 0.732189986
11.183947182 3.039088507 -9.323140368 -0.731742101 0.615315468 -0.293155810 -0.000207950
-6.571738940 0.243013213 -9.309648911 0.666466411 0.573847536 -0.371149168 -0.297942653
1.237329235 9.905888105 -7.354094547 0.504341696 0.755641634 -0.058671050 0.413766701
-1.372897478 8.232239467 -4.144288737 -0.930694155 -0.185368214 0.076276864 0.305988326
2.704800487 -6.239502735 -5.366311782 -0.158782791 0.509805065 -0.402471709 -0.743574707
-0.739748840 4.897795488 -4.906989647 0.654240422 -0.512717489 -0.439614056 0.340337668
-1.611720456 4.901591263 -11.719094900 -0.714876455 -0.398447548 -0.118764967 -0.562215340
9.983185014 -5.124272390 -4.759659240 -0.269376632 0.807999471 -0.518011571 -0.078975299
2.027115552 6.611119789 -7.363730526 0.366874096 -0.891732884 0.219573467 -0.148335272
7.920149593 -3.787464534 -2.248178061 0.678883654 -0.120791143 -0.608061709 0.393430352
1.589178075 -3.124602208 -2.704723926 -0.634091234 0.370763820 0.642746345 0.217576729
-1.349938314 -3.994920825 -4.332408962 -0.454513951 0.512834210 0.487002060 0.541522977
9.815228024 2.167793863 -14.437260973 -0.483548087 -0.287105372 0.816649415 0.129751628
6.146723687 -4.801863704 -2.746967733 -0.527331220 -0.803378545 -0.276593838 0.000739021
8.084360201 -0.007741630 -3.451608448 0.423039917 -0.055029390 0.739088000 0.521304060
3.477581083 4.513117788 -10.989194611 0.792876750 -0.113349155 -0.586703036 -0.119490485
6.189705858 -0.191694450 -7.922058713 -0.278551510 0.567076552 -0.030890028 -0.774518590
3.051445035 4.678917059 -10.944825325 -0.429778128 0.094310639 -0.525072084 0.728488552
1.636597031 -3.166763563 -10.986258212 0.833830623 0.531382419 -0.143362948 -0.042500373
-0.552221397 -0.960624531 -12.872409701 -0.300610173 0.650527235 -0.217023806 -0.662833695
-3.842491407 -6.054176553 -5.103185145 0.729497923 0.374386674 -0.517703887 -0.244233667
-1.500318302 -4.758871127 -10.867327457 -0.442678200 -0.485484537 -0.425876073 0.622069406
6.005832214 -1.502589573 -3.141241475 -0.384959682 0.026274936 -0.511346930 -0.767880191
1.638438703 4.847408123 -16.134814940 0.521387634 0.582183056 0.178415972 -0.597817335
11.125263821 -3.527599619 -4.170851593 0.576817345 0.739988521 -0.061183830 0.340522065
2.490464494 -4.025543982 0.751543330 0.637822906 0.668478609 0.162026799 -0.346504842
2.268923771 4.920096019 -14.249073504 -0.175474423 -0.834395043 -0.522140215 -0.019058702
-2.562529348 -5.243714000 -7.708460392 0.058710841 0.963764027 -0.212109119 0.150737052
2.471681208 -2.000410811 -15.882611516 0.055956695 -0.166551289 -0.968396380 -0.177025330
-0.931443887 1.490951022 -5.302585582 0.809631413 -0.180700273 -0.298041282 -0.472245466
3.558275137 1.808727264 -15.569075825 0.054729620 0.520043941 -0.606559679 0.598869204
-0.520300033 4.915361525 -14.516681117 -0.066514581 -0.424399292 -0.524929678 -0.734785605
5.247993266 -3.308196946 -9.908514640 -0.319252215 0.344065654 -0.171216466 0.866245791
4.109790204 4.471474165 -6.390532850 -0.881106100 0.156376439 -0.445725891 0.022953862
-0.548487887 5.279571162 -10.478372475 0.105713791 0.219639452 -0.913678070 -0.325231440
-0.929378015 1.680460141 -16.427560413 -0.151580100 -0.384672963 -0.904373110 -0.105638360
-3.027083447 0.769297958 -12.059171223 -0.968489910 0.135751645 0.208618183 -0.008788522
6.069410004 3.737765240 -8.773300267 0.182602397 -0.182550744 -0.319846723 0.911608285
5.359404335 -7.040301399 -5.577189867 0.263223326 0.112374543 -0.863496999 -0.415281080
-3.815750857 -0.991365277 -11.958133663 -0.048030060 -0.710821534 -0.479297002 -0.512542920
6.979888875 4.143871704 -15.278802655 0.351682123 0.577481711 -0.264275061 -0.687745047
6.902389800 2.949860544 -8.179165920 0.422416478 0.072170893 0.304515546 0.850662074
2.866908085 -0.512888673 -17.046128984 0.148262364 -0.383320167 -0.097092149 0.906452997
7.737883807 -7.646314587 -4.313705249 0.026341772 -0.655565776 0.743852485 -0.127369956
2.184305657 -7.822116986 -11.103389447 -0.590620367 0.366056876 -0.076562776 -0.715058101
-5.064516699 1.046901112 -5.214116918 -0.403363639 -0.774886842 0.319475994 0.367128377
-2.958539060 -4.893009615 -2.493031594 0.042257358 0.421544404 -0.409062434 0.808197102
1.805084432 6.908719709 -7.604455562 -0.329682724 0.487609675 -0.560887331 -0.582195420
1.084293778 -2.253785491 -2.759078126 0.120563548 0.545361015 0.742579130 0.369624174
7.480237870 2.262106521 -3.217885688 0.273235331 0.703648545 0.603880701 -0.256025932
6.939225163 5.501056178 -8.394095815 -0.415389172 -0.005950797 0.878198547 -0.237031088
2.353562918 1.180772136 -10.142730691 -0.079547910 -0.306617040 -0.846969419 0.426967123
10.241251616 -5.465201184 -8.082864545 -0.326958919 -0.426056185 -0.550445502 0.639205555
-4.358330380 1.446487516 -6.442732888 -0.146079839 0.981129200 -0.120259280 -0.039797968
3.086502788 6.605923524 -0.697223161 -0.137257573 -0.417051595 -0.898333910 0.014983716
4.796891623 7.891277381 -5.108118631 -0.071083935 0.076553629 0.321267303 -0.941208763
-1.967349110 -7.411257344 -7.893395480 0.827731519 -0.291181272 -0.140561387 -0.458602765
1.212599611 0.669416500 -5.926844427 -0.512523500 -0.317991798 -0.318425738 0.731304264
2.330060754 0.292633824 -10.231011058 -0.243410148 -0.056414924 -0.013860167 0.968182189
3.092353707 2.447348576 -1.120229301 0.748130001 -0.377330459 0.232149788 -0.493993625
4.462629382 -4.639099258 -14.467091538 -0.012891824 -0.062371360 0.042293211 -0.997073166
1.955388799 0.656292000 -2.337745779 -0.502199937 -0.361331305 -0.188443873 0.762708213
1.982126147 -6.632011379 -1.673251453 0.689045878 0.289279347 0.660882251 -0.069049891
-1.037844082 -0.017756495 -5.509931416 -0.033663888 -0.359006829 -0.735550877 -0.573537921
6.395398768 -0.486475885 -1.874973991 -0.912546350 -0.360911300 0.131550463 -0.140344822
7.284887560 -4.506215988 -10.759721307 -0.725841982 -0.454423564 -0.514907022 0.039030757
3.091896565 -3.770671326 -11.238862195 0.686329470 0.057316160 -0.557087664 -0.464025916
-2.303511495 4.508093955 -8.886378128 0.764886547 0.152530420 -0.234647315 -0.580192795
-0.263159118 -0.329828221 -12.569459952 0.307545722 0.108411616 0.608264706 -0.723655027
2.028639663 8.062854857 -7.930698585 -0.165711067 -0.207045886 0.243192570 0.933021552
5.578301518 -2.762829019 -6.051941101 0.676091287 0.070776343 0.424224973 -0.598267877
4.455271375 7.383557726 -11.378880495 -0.465486176 -0.381707928 0.365877509 0.709757231
1.395009607 -7.311861560 -7.645780994 0.532509374 0.691226177 0.427033222 -0.237239894
8.480231737 -2.777396661 -10.330931946 0.290092286 0.284858790 0.664812297 0.626678981
0.541330035 -1.944665873 -16.067609554 0.549361831 0.665415589 0.363391695 -0.351240870
-1.030202750 9.410444992 -7.509177839 -0.479629389 -0.715696997 -0.065393502 -0.503445278
2.705372447 -1.954449768 -16.700387313 0.215808935 0.075073649 0.972449591 -0.046176217
-4.434851972 3.612060953 -3.533744944 -0.662073259 -0.566440942 0.301182249 -0.387418264
-4.452992945 7.021034415 -6.886578629 0.361865359 0.531718912 0.662666184 -0.383669114
0.962389761 4.481704285 -13.481963428 -0.266728986 0.246652102 0.813596577 -0.453959247
-3.748682461 -3.354500283 -9.345033912 -0.550355214 0.526754809 -0.025697364 -0.647285220
-2.134057563 4.498407772 -14.477009523 -0.720143967 -0.342252224 0.054116948 -0.601105180
2.520139727 -0.898828492 -14.574461090 0.216562983 -0.028566728 0.540625764 -0.812408887
-2.436996382 -6.828150940 -6.690794900 0.077862797 -0.223654656 0.928676535 0.285439788
-3.328829406 6.425138275 -10.916827405 -0.086963192 -0.474860306 -0.725876542 -0.489947282
9.165761497 -6.219166596 -6.585796289 0.468475203 -0.513493450 0.552284700 -0.460257614
-3.206578687 -2.098362413 -9.055076098 -0.885882323 -0.311851916 0.328806349 0.099233443
7.561277703 3.405906223 -14.463017438 -0.008150284 -0.860199797 -0.122693213 0.494910354
3.382770098 8.741628584 -9.952490799 -0.127257249 0.021367123 0.983721290 0.125065832
-1.529847734 -5.970848887 -4.501687208 -0.645857233 0.313904647 -0.609000373 -0.336824661
-1.827570288 -4.664363865 -5.416782730 -0.778906868 0.191122647 -0.597301383 0.002698659
-0.337681041 -3.747763645 -11.327610345 -0.496448681 0.862902744 -0.094455530 -0.003964108
4.194419283 3.187285228 -13.766325798 -0.393523696 0.328863155 0.232732525 0.826331470
5.701461388 -3.770664850 -2.541003808 0.540261513 -0.454374765 0.100388848 -0.701129909
-4.410016916 -1.269728937 -12.761040733 -0.146366759 0.518360510 0.826714830 -0.162547663
7.259655573 -1.803074840 -14.391525217 -0.994334194 0.027368652 -0.033918769 0.096953516
-1.711234656 -2.849697390 -7.623193683 0.213743073 0.691229974 0.318149230 -0.612614144
2.244699181 -5.296226275 -10.728222173 -0.138837443 -0.459370551 -0.025385665 0.876959765
-1.695100190 5.293792512 -11.405811043 0.406919059 0.444473001 0.782056365 0.158897682
8.560295800 2.619728505 -6.289470884 -0.103428663 -0.554455821 0.240140766 -0.790071938
-0.433913119 -8.414908421 -5.243475446 0.303220518 -0.117759302 -0.405858951 0.854089326
10.913284798 -2.921710862 -4.815333416 -0.940004574 -0.152054509 -0.105734712 -0.286515268
-1.438316677 -7.682666526 -9.850624518 -0.348485529 0.146968093 -0.741788015 -0.553812926
-1.989417588 -3.184788285 -6.302591939 0.246668940 0.488092404 0.833798777 -0.075497276
6.103016607 2.550400026 -9.761840489 0.244733080 -0.374606459 0.816621639 0.364561134
-0.366717131 -3.457309903 -15.118604197 -0.881785972 0.186118205 0.399142666 0.168815417
-0.606903426 1.321094253 -15.705004139 0.297505315 0.002737945 0.494565862 -0.816631924
4.011087600 -0.561805988 -2.664288257 -0.800232470 0.238246243 0.532429724 -0.139231141
6.993022670 0.015352251 -1.275714515 -0.331803274 -0.137716775 -0.578104334 -0.732622724
1.083981531 8.615964619 -9.765944446 0.407188271 -0.575129570 -0.709110006 0.024221649
2.115470917 3.417779934 -9.193340260 0.699927779 0.665603964 -0.080852259 -0.246039387
5.849545201 4.144296839 0.429317352 -0.037372375 0.111298105 -0.015228808 0.992967331
-3.462644065 1.765652197 -7.871488249 0.566509513 0.487919664 0.111926578 -0.654579113
0.703470164 -4.875070347 0.549850764 0.717652679 0.195179146 -0.597775916 0.299238513
7.977117876 -3.370404200 -5.181485186 0.411474752 0.042811972 -0.902485032 0.119901756
5.105893357 -8.997950766 -5.352846153 -0.461158721 0.726779164 -0.499159323 -0.099823102
-1.078747752 4.485116850 -10.793541690 -0.107126030 -0.353396239 -0.039920288 -0.928461891
-0.718840555 -8.229066720 -8.382381818 -0.310526256 0.778798958 -0.066480878 -0.540949092
10.603355102 -1.240431035 -8.276986700 0.358791922 -0.057178659 -0.891184944 0.271640118
-2.994097572 -3.930650040 -8.002462842 0.019347123 0.630379065 -0.771742390 -0.081618667
3.349828787 -4.893820228 0.343771332 0.381480898 0.810925788 -0.441741422 -0.041667821
6.953504178 2.880237465 -1.044643625 0.478624087 0.371364353 -0.793716228 -0.054973178
2.220524205 4.882568759 -5.408850047 -0.139519660 -0.277273153 -0.812108145 -0.494099407
2.646855638 1.505194688 -5.876967007 -0.503558915 0.553122780 0.424888779 0.509855995
-0.216336511 3.208751894 1.051939404 -0.719837516 0.515874782 0.063295061 -0.460109655
-1.925336968 1.230461030 -2.887000959 -0.619054347 0.269334494 0.678457835 0.289699176
4.754313332 -0.961753228 -3.023856980 -0.277282387 0.612810430 -0.619521088 -0.404686887
6.942563123 -7.720439836 -5.632730419 0.497118830 -0.409463984 -0.719957638 -0.258598366
10.208994743 2.916418002 -8.874584449 0.135010117 0.506042708 0.226151703 0.821308988
2.133681908 -2.846950791 -8.634476585 0.014726861 0.823052975 0.562127482 -0.079872482
2.905832676 0.291344512 -13.871460162 -0.252239656 0.807333646 0.143744367 0.513736408
1.627729436 6.627410129 -7.472693286 -0.348336509 0.247670306 -0.751853321 0.502033544
9.916239306 -3.409672842 -6.323883293 -0.233248246 -0.710313705 0.000581181 -0.664115470
6.349239922 2.773466540 -2.831989485 0.149413869 0.537557364 0.665970386 -0.495167669
2.891265398 3.599239717 -10.131700416 -0.344343506 -0.369337304 0.384414315 -0.772815075
3.605478176 7.213535748 -10.765076899 -0.421071860 0.282523762 -0.734037875 -0.451737989
6.044046572 -2.961535937 -13.324097716 -0.661018470 -0.023068968 -0.562791157 0.495770630
-4.641701051 4.147463782 -9.929712553 -0.628041123 0.003265149 0.117778589 -0.769208613
8.103837639 -5.732942279 -5.823391579 -0.178843443 0.685714264 -0.370002144 0.600757342
2.678270618 1.376276434 0.131165729 -0.154179395 -0.063964536 0.157556457 -0.973300167
-0.522033253 5.705021652 -4.031843144 -0.485836659 -0.461998381 0.329345468 0.664869761
-1.516737251 3.013167040 -14.725825582 -0.341495001 0.746605778 0.111345855 0.559967032
0.417179076 7.110229394 -5.676705789 -0.875743501 0.456218535 0.039867215 0.152802404
-1.085219877 1.616226520 -1.887744955 0.436930308 0.324320411 -0.179357650 -0.819596858
3.144971277 9.574184153 -7.980351059 -0.152913345 0.425327985 -0.705497759 0.545881421
1.715137202 4.941840335 -10.290538027 -0.153044791 -0.564274747 -0.428581898 -0.688831517
-0.288414457 -2.122093294 -1.696010075 0.307268799 0.025580758 0.694162775 -0.650437969
4.290086029 1.339740981 -12.737577400 0.054698951 0.577277625 0.807966620 -0.104635121
2.217141680 3.372065525 -14.300061434 0.550529608 0.816047775 0.040011411 0.171412563
-3.942280026 -6.029118753 -6.437688125 -0.861150235 -0.369606123 0.324134792 0.129414924
12.281389212 -0.873138754 -6.880619533 0.850637990 0.463280935 -0.239819246 0.065364468
8.463605458 0.843147202 -9.409572704 0.074476082 -0.134198023 -0.951657986 -0.266066312
-4.758417490 4.949229097 -6.206005623 0.648129691 -0.114882145 0.277363565 -0.699856735
8.564002010 4.085340844 -6.137287000 0.508925700 -0.525792761 0.441066654 -0.519612173
0.818333833 1.262916105 -13.090166791 0.019942051 0.109410328 -0.230622045 0.966667040
3.334669513 -0.783389439 -3.817243190 0.703490862 0.102138271 0.252736761 -0.656347858
8.348597639 -6.886474053 -7.238315624 -0.634480394 -0.271708600 -0.004957767 -0.723591381
6.066401557 -3.674953346 -6.262889730 -0.077474538 0.603177324 0.782147515 -0.135720581
-3.467936418 -1.256012055 -9.131085370 -0.413943717 0.331248500 0.756268360 0.383383878
5.996953287 -1.834927528 -4.952357158 -0.110652692 0.046746938 0.706021252 -0.697928862
1.591257355 -2.727675193 -10.618065048 0.215728418 0.433792912 0.614451371 -0.622683284
-5.646189129 1.539385396 -2.656222647 0.439558588 -0.764900897 -0.259251339 0.393069470
2.148266661 -3.481731845 -3.752474185 -0.320470254 0.233596822 0.052725120 0.916488627
10.763692218 1.996326259 -2.241617829 -0.558709630 -0.363783853 -0.694030426 -0.271710555
-3.961349955 0.394851407 -12.060101477 0.017433010 -0.596079030 -0.096061348 0.796968066
5.259239489 2.585748435 -16.336350300 -0.030758289 0.514588834 -0.335943414 0.788285660
0.435301156 -6.223321289 -11.991548052 0.664722609 -0.299887325 0.256892688 0.634206270
-4.106924435 -1.845217219 -13.418563792 -0.371185140 0.628098556 -0.579538512 -0.363110051
0.521582059 1.026688926 -2.957601486 0.146502012 -0.651341422 -0.129711143 0.733121090
0.767065659 9.234152595 -6.919149279 -0.175108856 0.831974733 -0.157021552 -0.502492950
6.761261292 -1.351897434 -6.089685535 0.460608262 -0.025466770 0.589004847 0.663524500
2.560581589 -0.165768019 -0.547785913 0.298440793 -0.646730326 -0.172479983 0.680384916
8.744260241 5.921639903 -6.778659239 0.157362853 0.048745166 -0.970830417 0.174210055
3.134827745 -5.997605107 -5.826983838 -0.716431855 -0.650943071 0.244188855 -0.058054447
4.134083198 7.642460385 -1.971844389 -0.190606696 0.310056041 0.245533483 0.898469614
4.022141683 7.778103698 -9.081340792 -0.625598736 0.430069287 -0.553785138 -0.342036036
-4.410905550 5.077693491 -11.836454089 -0.351500712 -0.180642723 -0.861669083 0.318342343
3.692304847 6.916823106 -9.359308170 -0.047091104 -0.667361474 -0.357565514 0.651581150
-2.897614931 1.204566972 -14.102274831 0.193348930 -0.731904122 0.593431152 -0.273444720
3.563087216 -4.288138218 -0.311304022 -0.269406212 -0.368747908 -0.009206095 0.889584466
-0.772798693 0.611363715 0.160337598 0.854839921 -0.428592796 -0.030124670 0.290945748
-0.480598982 3.247077771 -8.502377804 -0.283379094 0.942441118 0.069388147 0.163359459
0.312101428 1.852295681 0.431835425 0.885791590 -0.019927541 0.242952199 0.394905535
-0.417640386 -5.816309203 -8.571706810 -0.193634774 0.520962290 0.250761180 0.792605007
2.628686900 -9.069689246 -9.212932637 -0.715692736 -0.254769241 0.118904947 0.639326329
5.143003198 0.330550266 -12.015526782 -0.287987649 -0.733284669 -0.598423540 0.145759993
7.298863704 -6.605550893 -5.784988526 0.915516920 -0.340640545 0.212578709 0.024557690
3.688262839 -2.620642795 -14.630508913 -0.444948179 -0.377695595 -0.486430793 0.650194001
0.685803367 -0.953027955 -14.062615909 -0.407245342 0.393072245 -0.691451156 0.448932891
3.066343413 3.019931276 -11.465172523 -0.008677588 0.531903174 0.712034503 0.458269114
-0.506869033 -1.256358628 -9.315744129 -0.053792936 -0.605919462 -0.782491275 0.132948603
0.127496310 7.113646714 -7.962270345 -0.884117356 -0.197280890 -0.415233116 0.083655308
5.586135677 -8.124243905 -5.703768578 0.054249160 0.234785040 -0.868253873 -0.433668337
4.443790176 -0.333449244 0.406442596 -0.551929487 0.346383685 -0.724709171 -0.224028576
-3.105938404 -4.246860963 -1.647901435 -0.508744622 -0.390387030 -0.761200474 -0.096699094
10.225213909 -0.528557159 -6.043696802 -0.154345885 0.874904878 0.422346086 0.179840446
11.199413265 -0.789363548 -7.733985939 -0.316245066 -0.128857597 0.654078610 -0.674956257
4.421440274 -0.091982030 1.393932941 -0.608062134 0.224686769 -0.712087771 0.269642917
-1.463966810 -6.189606384 -5.439644779 0.032525401 -0.454944143 0.053644914 0.888307463
4.934163760 2.410450789 -12.444773652 -0.147073950 0.842292813 0.515782829 -0.053666978
1.420264291 3.864459409 -11.397069610 0.207670906 -0.700324139 -0.355999636 0.582823434
